v -0.595417 0 -0.00222222
v -0.595292 0 -0.00271988
v -0.595164 0 -0.00321087
v -0.595033 0 -0.00369522
v -0.594897 0 -0.00417296
v -0.594759 0 -0.0046441
v -0.594617 0 -0.00510866
v -0.594471 0 -0.00556671
v -0.594322 0 -0.00601825
v -0.59417 0 -0.00646329
v -0.594014 0 -0.00690186
v -0.593854 0 -0.007334
v -0.593691 0 -0.00775973
v -0.593525 0 -0.00817908
v -0.593355 0 -0.00859206
v -0.593182 0 -0.00899872
v -0.593006 0 -0.00939906
v -0.592826 0 -0.00979313
v -0.592642 0 -0.0101809
v -0.592456 0 -0.0105625
v -0.592266 0 -0.0109379
v -0.592072 0 -0.0113071
v -0.591875 0 -0.0116701
v -0.591675 0 -0.012027
v -0.591472 0 -0.0123779
v -0.591265 0 -0.0127226
v -0.591055 0 -0.0130613
v -0.590842 0 -0.0133939
v -0.590625 0 -0.0137206
v -0.590406 0 -0.0140413
v -0.590182 0 -0.014356
v -0.589956 0 -0.0146648
v -0.589726 0 -0.0149678
v -0.589494 0 -0.0152648
v -0.589257 0 -0.015556
v -0.589018 0 -0.0158414
v -0.588776 0 -0.016121
v -0.58853 0 -0.0163949
v -0.588281 0 -0.0166629
v -0.588029 0 -0.0169253
v -0.587774 0 -0.017182
v -0.587515 0 -0.017433
v -0.587253 0 -0.0176784
v -0.586989 0 -0.0179182
v -0.586721 0 -0.0181523
v -0.58645 0 -0.018381
v -0.586176 0 -0.018604
v -0.585898 0 -0.0188216
v -0.585618 0 -0.0190337
v -0.585335 0 -0.0192403
v -0.585048 0 -0.0194415
v -0.584759 0 -0.0196373
v -0.584466 0 -0.0198277
v -0.584171 0 -0.0200128
v -0.583872 0 -0.0201925
v -0.58357 0 -0.020367
v -0.583265 0 -0.0205361
v -0.582958 0 -0.0207
v -0.582647 0 -0.0208586
v -0.582333 0 -0.0210121
v -0.582017 0 -0.0211604
v -0.581697 0 -0.0213035
v -0.581374 0 -0.0214415
v -0.581049 0 -0.0215744
v -0.58072 0 -0.0217023
v -0.580389 0 -0.0218251
v -0.580054 0 -0.0219429
v -0.579717 0 -0.0220556
v -0.579377 0 -0.0221634
v -0.579034 0 -0.0222663
v -0.578688 0 -0.0223642
v -0.578339 0 -0.0224573
v -0.577987 0 -0.0225455
v -0.577632 0 -0.0226288
v -0.577275 0 -0.0227074
v -0.576915 0 -0.0227811
v -0.576552 0 -0.0228501
v -0.576186 0 -0.0229143
v -0.575817 0 -0.0229738
v -0.575446 0 -0.0230287
v -0.575071 0 -0.0230789
v -0.574694 0 -0.0231244
v -0.574314 0 -0.0231653
v -0.573932 0 -0.0232017
v -0.573546 0 -0.0232335
v -0.573158 0 -0.0232607
v -0.572767 0 -0.0232835
v -0.572374 0 -0.0233018
v -0.571978 0 -0.0233156
v -0.571579 0 -0.023325
v -0.571177 0 -0.02333
v -0.570773 0 -0.0233306
v -0.570366 0 -0.0233268
v -0.569956 0 -0.0233187
v -0.569544 0 -0.0233064
v -0.569129 0 -0.0232897
v -0.568711 0 -0.0232688
v -0.568291 0 -0.0232437
v -0.567868 0 -0.0232144
v -0.567442 0 -0.0231809
v -0.567014 0 -0.0231433
v -0.566584 0 -0.0231015
v -0.56615 0 -0.0230556
v -0.565714 0 -0.0230057
v -0.565276 0 -0.0229517
v -0.564835 0 -0.0228938
v -0.564392 0 -0.0228318
v -0.563946 0 -0.0227659
v -0.563497 0 -0.022696
v -0.563046 0 -0.0226222
v -0.562593 0 -0.0225445
v -0.562137 0 -0.0224629
v -0.561678 0 -0.0223775
v -0.561217 0 -0.0222883
v -0.560754 0 -0.0221954
v -0.560288 0 -0.0220986
v -0.559819 0 -0.0219981
v -0.559349 0 -0.021894
v -0.558875 0 -0.0217861
v -0.5584 0 -0.0216745
v -0.557922 0 -0.0215594
v -0.557441 0 -0.0214406
v -0.556958 0 -0.0213183
v -0.556473 0 -0.0211923
v -0.555986 0 -0.0210629
v -0.555496 0 -0.02093
v -0.555004 0 -0.0207936
v -0.554509 0 -0.0206537
v -0.554012 0 -0.0205104
v -0.553513 0 -0.0203637
v -0.553011 0 -0.0202136
v -0.552507 0 -0.0200602
v -0.552001 0 -0.0199035
v -0.551493 0 -0.0197434
v -0.550982 0 -0.0195802
v -0.550469 0 -0.0194136
v -0.549954 0 -0.0192438
v -0.549436 0 -0.0190709
v -0.548916 0 -0.0188947
v -0.548395 0 -0.0187154
v -0.54787 0 -0.0185331
v -0.547344 0 -0.0183475
v -0.546815 0 -0.018159
v -0.546285 0 -0.0179674
v -0.545752 0 -0.0177728
v -0.545217 0 -0.0175752
v -0.544679 0 -0.0173746
v -0.54414 0 -0.0171712
v -0.543598 0 -0.0169647
v -0.543055 0 -0.0167554
v -0.542509 0 -0.0165433
v -0.541961 0 -0.0163283
v -0.541411 0 -0.0161105
v -0.540859 0 -0.0158899
v -0.540305 0 -0.0156666
v -0.539748 0 -0.0154405
v -0.53919 0 -0.0152117
v -0.53863 0 -0.0149803
v -0.538067 0 -0.0147462
v -0.537503 0 -0.0145094
v -0.536936 0 -0.0142701
v -0.536368 0 -0.0140282
v -0.535797 0 -0.0137837
v -0.535225 0 -0.0135367
v -0.534651 0 -0.0132872
v -0.534074 0 -0.0130352
v -0.533496 0 -0.0127808
v -0.532915 0 -0.012524
v -0.532333 0 -0.0122647
v -0.531749 0 -0.0120031
v -0.531163 0 -0.0117392
v -0.530575 0 -0.0114729
v -0.529984 0 -0.0112043
v -0.529392 0 -0.0109335
v -0.528799 0 -0.0106604
v -0.528203 0 -0.0103851
v -0.527605 0 -0.0101076
v -0.527006 0 -0.00982799
v -0.526405 0 -0.0095462
v -0.525802 0 -0.00926231
v -0.525197 0 -0.0089763
v -0.52459 0 -0.00868823
v -0.523981 0 -0.00839816
v -0.523371 0 -0.00810605
v -0.522759 0 -0.00781198
v -0.522145 0 -0.00751589
v -0.521529 0 -0.00721793
v -0.520911 0 -0.00691803
v -0.520292 0 -0.00661626
v -0.519671 0 -0.00631263
v -0.519048 0 -0.00600719
v -0.518424 0 -0.00569992
v -0.517798 0 -0.00539085
v -0.51717 0 -0.00508008
v -0.51654 0 -0.00476753
v -0.515909 0 -0.00445333
v -0.515276 0 -0.0041374
v -0.514641 0 -0.00381983
v -0.514005 0 -0.00350066
v -0.513367 0 -0.00317988
v -0.512727 0 -0.00285754
v -0.512086 0 -0.00253364
v -0.511443 0 -0.0022082
v -0.510799 0 -0.00188131
v -0.510153 0 -0.00155291
v -0.509505 0 -0.00122305
v -0.508856 0 -0.000891798
v -0.508205 0 -0.000559133
v -0.507552 0 -0.000225122
v -0.506898 0 0.000110225
v -0.506243 0 0.000446902
v -0.505586 0 0.000784868
v -0.504927 0 0.00112409
v -0.504267 0 0.00146456
v -0.503606 0 0.00180624
v -0.502943 0 0.00214914
v -0.502278 0 0.00249316
v -0.501612 0 0.00283834
v -0.500944 0 0.00318462
v -0.500275 0 0.00353198
v -0.499605 0 0.00388042
v -0.498933 0 0.00422986
v -0.49826 0 0.00458035
v -0.497585 0 0.00493179
v -0.496909 0 0.00528418
v -0.496231 0 0.00563751
v -0.495552 0 0.00599176
v -0.494872 0 0.00634689
v -0.49419 0 0.00670285
v -0.493507 0 0.00705967
v -0.492823 0 0.00741725
v -0.492137 0 0.00777566
v -0.49145 0 0.00813476
v -0.490761 0 0.00849462
v -0.490071 0 0.00885515
v -0.48938 0 0.00921639
v -0.488688 0 0.00957827
v -0.487994 0 0.00994075
v -0.487299 0 0.0103038
v -0.486603 0 0.0106675
v -0.485906 0 0.0110317
v -0.485207 0 0.0113964
v -0.484507 0 0.0117617
v -0.483806 0 0.0121273
v -0.483103 0 0.0124935
v -0.4824 0 0.01286
v -0.481695 0 0.0132269
v -0.480989 0 0.0135942
v -0.480282 0 0.0139619
v -0.479573 0 0.0143298
v -0.478864 0 0.0146981
v -0.478153 0 0.0150666
v -0.477441 0 0.0154353
v -0.476728 0 0.0158042
v -0.476014 0 0.0161733
v -0.475299 0 0.0165426
v -0.474583 0 0.016912
v -0.473865 0 0.0172816
v -0.473147 0 0.0176512
v -0.472427 0 0.0180209
v -0.471706 0 0.0183905
v -0.470985 0 0.0187602
v -0.470262 0 0.0191299
v -0.469538 0 0.0194995
v -0.468813 0 0.0198691
v -0.468087 0 0.0202385
v -0.467361 0 0.0206079
v -0.466633 0 0.0209771
v -0.465904 0 0.0213461
v -0.465174 0 0.0217149
v -0.464443 0 0.0220834
v -0.463711 0 0.0224518
v -0.462979 0 0.0228198
v -0.462245 0 0.0231876
v -0.46151 0 0.023555
v -0.460775 0 0.023922
v -0.460038 0 0.0242887
v -0.459301 0 0.024655
v -0.458563 0 0.0250208
v -0.457823 0 0.0253862
v -0.457083 0 0.0257511
v -0.456343 0 0.0261155
v -0.455601 0 0.0264793
v -0.454858 0 0.0268426
v -0.454115 0 0.0272053
v -0.45337 0 0.0275674
v -0.452625 0 0.0279288
v -0.451879 0 0.0282896
v -0.451133 0 0.0286497
v -0.450385 0 0.0290091
v -0.449637 0 0.0293677
v -0.448888 0 0.0297256
v -0.448138 0 0.0300826
v -0.447388 0 0.0304388
v -0.446636 0 0.0307943
v -0.445884 0 0.0311488
v -0.445131 0 0.0315025
v -0.444378 0 0.0318552
v -0.443624 0 0.032207
v -0.442869 0 0.0325577
v -0.442113 0 0.0329075
v -0.441357 0 0.0332563
v -0.4406 0 0.0336041
v -0.439842 0 0.0339507
v -0.439084 0 0.0342962
v -0.438325 0 0.0346407
v -0.437566 0 0.0349839
v -0.436806 0 0.035326
v -0.436045 0 0.0356669
v -0.435284 0 0.0360065
v -0.434522 0 0.0363449
v -0.433759 0 0.036682
v -0.432996 0 0.0370178
v -0.432233 0 0.0373523
v -0.431468 0 0.0376854
v -0.430704 0 0.0380171
v -0.429938 0 0.0383474
v -0.429173 0 0.0386763
v -0.428406 0 0.0390037
v -0.427639 0 0.0393296
v -0.426872 0 0.0396541
v -0.426104 0 0.0399769
v -0.425336 0 0.0402982
v -0.424567 0 0.040618
v -0.423798 0 0.0409361
v -0.423029 0 0.0412525
v -0.422258 0 0.0415673
v -0.421488 0 0.0418804
v -0.420717 0 0.0421918
v -0.419946 0 0.0425014
v -0.419174 0 0.0428093
v -0.418402 0 0.0431154
v -0.417629 0 0.0434196
v -0.416857 0 0.043722
v -0.416083 0 0.0440225
v -0.41531 0 0.0443211
v -0.414536 0 0.0446178
v -0.413761 0 0.0449126
v -0.412987 0 0.0452054
v -0.412212 0 0.0454961
v -0.411437 0 0.0457848
v -0.410661 0 0.0460715
v -0.409886 0 0.0463562
v -0.409109 0 0.0466386
v -0.408333 0 0.046919
v -0.407557 0 0.0471972
v -0.40678 0 0.0474733
v -0.406003 0 0.047747
v -0.405225 0 0.0480186
v -0.404448 0 0.048288
v -0.40367 0 0.048555
v -0.402892 0 0.0488198
v -0.402114 0 0.0490822
v -0.401336 0 0.0493422
v -0.400557 0 0.0495998
v -0.399779 0 0.0498551
v -0.399 0 0.0501078
v -0.398221 0 0.0503581
v -0.397442 0 0.050606
v -0.396663 0 0.0508513
v -0.395884 0 0.051094
v -0.395104 0 0.0513343
v -0.394325 0 0.0515719
v -0.393545 0 0.0518069
v -0.392765 0 0.0520392
v -0.391986 0 0.0522689
v -0.391206 0 0.0524959
v -0.390426 0 0.0527201
v -0.389646 0 0.0529416
v -0.388867 0 0.0531604
v -0.388087 0 0.0533763
v -0.387307 0 0.0535894
v -0.386527 0 0.0537997
v -0.385747 0 0.0540071
v -0.384967 0 0.0542115
v -0.384187 0 0.054413
v -0.383407 0 0.0546116
v -0.382628 0 0.0548073
v -0.381848 0 0.0549999
v -0.381068 0 0.0551894
v -0.380289 0 0.0553759
v -0.379509 0 0.0555594
v -0.37873 0 0.0557397
v -0.377951 0 0.0559169
v -0.377172 0 0.0560909
v -0.376393 0 0.0562617
v -0.375614 0 0.0564294
v -0.374835 0 0.0565938
v -0.374057 0 0.0567549
v -0.373278 0 0.0569127
v -0.3725 0 0.0570673
v -0.371722 0 0.0572184
v -0.370944 0 0.0573663
v -0.370166 0 0.0575107
v -0.369389 0 0.0576517
v -0.368612 0 0.0577893
v -0.367835 0 0.0579234
v -0.367058 0 0.058054
v -0.366281 0 0.0581811
v -0.365505 0 0.0583046
v -0.364729 0 0.0584246
v -0.363954 0 0.0585409
v -0.363178 0 0.0586537
v -0.362403 0 0.0587628
v -0.361628 0 0.0588682
v -0.360854 0 0.0589699
v -0.36008 0 0.0590679
v -0.359306 0 0.0591622
v -0.358532 0 0.0592526
v -0.357759 0 0.0593393
v -0.356986 0 0.0594221
v -0.356214 0 0.0595012
v -0.355442 0 0.0595762
v -0.35467 0 0.0596474
v -0.353899 0 0.0597147
v -0.353128 0 0.059778
v -0.352358 0 0.0598373
v -0.351588 0 0.0598926
v -0.350819 0 0.0599439
v -0.35005 0 0.0599911
v -0.349281 0 0.0600342
v -0.348513 0 0.0600732
v -0.347745 0 0.0601081
v -0.346978 0 0.0601389
v -0.346212 0 0.0601653
v -0.345445 0 0.0601877
v -0.34468 0 0.0602057
v -0.343915 0 0.0602195
v -0.34315 0 0.060229
v -0.342386 0 0.0602343
v -0.341623 0 0.0602351
v -0.34086 0 0.0602316
v -0.340098 0 0.0602236
v -0.339336 0 0.0602113
v -0.338575 0 0.0601945
v -0.337814 0 0.0601733
v -0.337054 0 0.0601475
v -0.336295 0 0.0601172
v -0.335536 0 0.0600824
v -0.334778 0 0.060043
v -0.334021 0 0.059999
v -0.333264 0 0.0599504
v -0.332508 0 0.0598971
v -0.331753 0 0.0598391
v -0.330998 0 0.0597765
v -0.330244 0 0.059709
v -0.329491 0 0.0596369
v -0.328738 0 0.05956
v -0.327987 0 0.0594783
v -0.327235 0 0.0593917
v -0.326485 0 0.0593003
v -0.325736 0 0.059204
v -0.324987 0 0.0591027
v -0.324239 0 0.0589967
v -0.323491 0 0.0588855
v -0.322745 0 0.0587694
v -0.321999 0 0.0586482
v -0.321255 0 0.0585221
v -0.320511 0 0.0583909
v -0.319767 0 0.0582546
v -0.319025 0 0.0581132
v -0.318284 0 0.0579666
v -0.317543 0 0.0578149
v -0.316803 0 0.057658
v -0.316064 0 0.0574958
v -0.315326 0 0.0573284
v -0.314589 0 0.0571558
v -0.313853 0 0.0569778
v -0.313118 0 0.0567945
v -0.312384 0 0.0566059
v -0.31165 0 0.0564119
v -0.310918 0 0.0562125
v -0.310186 0 0.0560078
v -0.309456 0 0.0557974
v -0.308726 0 0.0555817
v -0.307998 0 0.0553605
v -0.30727 0 0.0551337
v -0.306544 0 0.0549014
v -0.305818 0 0.0546635
v -0.305094 0 0.0544199
v -0.30437 0 0.0541709
v -0.303648 0 0.053916
v -0.302926 0 0.0536556
v -0.302206 0 0.0533894
v -0.301487 0 0.0531175
v -0.300769 0 0.0528398
v -0.300052 0 0.0525563
v -0.299336 0 0.052267
v -0.298621 0 0.051972
v -0.297907 0 0.051671
v -0.297194 0 0.0513642
v -0.296483 0 0.0510514
v -0.295773 0 0.0507327
v -0.295063 0 0.050408
v -0.294355 0 0.0500774
v -0.293649 0 0.0497407
v -0.292943 0 0.049398
v -0.292239 0 0.0490492
v -0.291535 0 0.0486943
v -0.290833 0 0.0483333
v -0.290833 0 0.0483333
v -0.290133 0 0.0479662
v -0.289433 0 0.047593
v -0.288735 0 0.0472136
v -0.288037 0 0.0468282
v -0.287342 0 0.0464367
v -0.286647 0 0.0460392
v -0.285953 0 0.0456357
v -0.285261 0 0.0452263
v -0.284569 0 0.0448108
v -0.283879 0 0.0443895
v -0.28319 0 0.0439622
v -0.282503 0 0.043529
v -0.281816 0 0.04309
v -0.281131 0 0.0426452
v -0.280446 0 0.0421945
v -0.279763 0 0.0417381
v -0.279081 0 0.0412759
v -0.2784 0 0.040808
v -0.27772 0 0.0403343
v -0.277041 0 0.0398549
v -0.276363 0 0.0393699
v -0.275686 0 0.0388792
v -0.275011 0 0.038383
v -0.274336 0 0.0378811
v -0.273663 0 0.0373736
v -0.27299 0 0.0368606
v -0.272319 0 0.0363421
v -0.271648 0 0.035818
v -0.270979 0 0.0352885
v -0.270311 0 0.0347535
v -0.269644 0 0.0342131
v -0.268977 0 0.0336673
v -0.268312 0 0.0331161
v -0.267648 0 0.0325596
v -0.266984 0 0.0319977
v -0.266322 0 0.0314305
v -0.265661 0 0.030858
v -0.265 0 0.0302803
v -0.264341 0 0.0296973
v -0.263682 0 0.0291091
v -0.263025 0 0.0285157
v -0.262368 0 0.0279171
v -0.261712 0 0.0273134
v -0.261058 0 0.0267046
v -0.260404 0 0.0260906
v -0.259751 0 0.0254716
v -0.259099 0 0.0248476
v -0.258448 0 0.0242185
v -0.257797 0 0.0235844
v -0.257148 0 0.0229453
v -0.2565 0 0.0223013
v -0.255852 0 0.0216523
v -0.255205 0 0.0209985
v -0.254559 0 0.0203398
v -0.253914 0 0.0196762
v -0.25327 0 0.0190077
v -0.252626 0 0.0183345
v -0.251984 0 0.0176565
v -0.251342 0 0.0169737
v -0.250701 0 0.0162861
v -0.250061 0 0.0155938
v -0.249422 0 0.0148969
v -0.248783 0 0.0141953
v -0.248145 0 0.013489
v -0.247508 0 0.0127781
v -0.246872 0 0.0120627
v -0.246237 0 0.0113426
v -0.245602 0 0.010618
v -0.244968 0 0.00988884
v -0.244335 0 0.00915522
v -0.243702 0 0.0084171
v -0.24307 0 0.00767452
v -0.242439 0 0.00692753
v -0.241809 0 0.0061761
v -0.241179 0 0.00542033
v -0.24055 0 0.00466017
v -0.239922 0 0.00389568
v -0.239295 0 0.00312688
v -0.238668 0 0.00235378
v -0.238042 0 0.00157643
v -0.237416 0 0.000794822
v -0.236791 0 9.01986e-06
v -0.236167 0 -0.000780983
v -0.235543 0 -0.00157517
v -0.23492 0 -0.00237348
v -0.234298 0 -0.00317589
v -0.233676 0 -0.00398247
v -0.233055 0 -0.00479308
v -0.232435 0 -0.00560774
v -0.231815 0 -0.00642641
v -0.231195 0 -0.00724913
v -0.230577 0 -0.00807581
v -0.229959 0 -0.00890644
v -0.229341 0 -0.00974101
v -0.228724 0 -0.0105795
v -0.228108 0 -0.0114218
v -0.227492 0 -0.012268
v -0.226876 0 -0.0131181
v -0.226261 0 -0.0139719
v -0.225647 0 -0.0148296
v -0.225033 0 -0.015691
v -0.22442 0 -0.0165562
v -0.223807 0 -0.017425
v -0.223195 0 -0.0182976
v -0.222583 0 -0.0191739
v -0.221972 0 -0.0200537
v -0.221361 0 -0.0209372
v -0.220751 0 -0.0218244
v -0.220141 0 -0.022715
v -0.219532 0 -0.0236093
v -0.218923 0 -0.024507
v -0.218315 0 -0.0254083
v -0.217706 0 -0.026313
v -0.217099 0 -0.0272212
v -0.216492 0 -0.0281329
v -0.215885 0 -0.0290479
v -0.215279 0 -0.0299663
v -0.214673 0 -0.0308881
v -0.214067 0 -0.0318132
v -0.213462 0 -0.0327416
v -0.212857 0 -0.0336733
v -0.212253 0 -0.0346083
v -0.211649 0 -0.0355465
v -0.211045 0 -0.036488
v -0.210442 0 -0.0374326
v -0.209839 0 -0.0383804
v -0.209236 0 -0.0393314
v -0.208634 0 -0.0402854
v -0.208032 0 -0.0412427
v -0.20743 0 -0.0422029
v -0.206829 0 -0.0431662
v -0.206228 0 -0.0441325
v -0.205627 0 -0.0451018
v -0.205026 0 -0.0460742
v -0.204426 0 -0.0470494
v -0.203826 0 -0.0480276
v -0.203227 0 -0.0490087
v -0.202627 0 -0.0499927
v -0.202028 0 -0.0509796
v -0.201429 0 -0.0519693
v -0.200831 0 -0.0529617
v -0.200233 0 -0.0539571
v -0.199634 0 -0.0549551
v -0.199036 0 -0.0559559
v -0.198439 0 -0.0569594
v -0.197841 0 -0.0579656
v -0.197244 0 -0.0589745
v -0.196647 0 -0.0599861
v -0.19605 0 -0.0610002
v -0.195453 0 -0.062017
v -0.194856 0 -0.0630363
v -0.19426 0 -0.0640581
v -0.193664 0 -0.0650826
v -0.193068 0 -0.0661095
v -0.192472 0 -0.0671388
v -0.191876 0 -0.0681707
v -0.19128 0 -0.069205
v -0.190685 0 -0.0702417
v -0.190089 0 -0.0712807
v -0.189494 0 -0.0723221
v -0.188899 0 -0.0733659
v -0.188303 0 -0.074412
v -0.187708 0 -0.0754604
v -0.187113 0 -0.076511
v -0.186518 0 -0.0775639
v -0.185924 0 -0.078619
v -0.185329 0 -0.0796763
v -0.184734 0 -0.0807357
v -0.184139 0 -0.0817974
v -0.183545 0 -0.0828611
v -0.18295 0 -0.0839269
v -0.182355 0 -0.0849948
v -0.181761 0 -0.0860648
v -0.181166 0 -0.0871368
v -0.180572 0 -0.0882108
v -0.179977 0 -0.0892868
v -0.179383 0 -0.0903647
v -0.178788 0 -0.0914445
v -0.178193 0 -0.0925263
v -0.177599 0 -0.09361
v -0.177004 0 -0.0946955
v -0.176409 0 -0.0957828
v -0.175814 0 -0.096872
v -0.17522 0 -0.0979629
v -0.174625 0 -0.0990557
v -0.17403 0 -0.10015
v -0.173435 0 -0.101246
v -0.172839 0 -0.102344
v -0.172244 0 -0.103444
v -0.171649 0 -0.104545
v -0.171053 0 -0.105648
v -0.170458 0 -0.106752
v -0.169862 0 -0.107858
v -0.169266 0 -0.108966
v -0.16867 0 -0.110075
v -0.168074 0 -0.111185
v -0.167478 0 -0.112297
v -0.166881 0 -0.113411
v -0.166285 0 -0.114526
v -0.165688 0 -0.115642
v -0.165091 0 -0.11676
v -0.164494 0 -0.117879
v -0.163897 0 -0.119
v -0.163299 0 -0.120121
v -0.162701 0 -0.121244
v -0.162103 0 -0.122369
v -0.161505 0 -0.123494
v -0.160907 0 -0.124621
v -0.160308 0 -0.125749
v -0.159709 0 -0.126878
v -0.15911 0 -0.128008
v -0.158511 0 -0.12914
v -0.157911 0 -0.130272
v -0.157311 0 -0.131406
v -0.156711 0 -0.132541
v -0.15611 0 -0.133676
v -0.15551 0 -0.134813
v -0.154908 0 -0.135951
v -0.154307 0 -0.137089
v -0.153705 0 -0.138229
v -0.153103 0 -0.139369
v -0.152501 0 -0.140511
v -0.151898 0 -0.141653
v -0.151295 0 -0.142796
v -0.150692 0 -0.14394
v -0.150088 0 -0.145084
v -0.149484 0 -0.14623
v -0.14888 0 -0.147376
v -0.148275 0 -0.148523
v -0.14767 0 -0.14967
v -0.147064 0 -0.150819
v -0.146458 0 -0.151967
v -0.145852 0 -0.153117
v -0.145245 0 -0.154267
v -0.144638 0 -0.155418
v -0.14403 0 -0.156569
v -0.143422 0 -0.157721
v -0.142813 0 -0.158873
v -0.142204 0 -0.160026
v -0.141595 0 -0.161179
v -0.140985 0 -0.162333
v -0.140375 0 -0.163487
v -0.139764 0 -0.164641
v -0.139152 0 -0.165796
v -0.138541 0 -0.166951
v -0.137928 0 -0.168107
v -0.137315 0 -0.169262
v -0.136702 0 -0.170418
v -0.136088 0 -0.171575
v -0.135474 0 -0.172731
v -0.134859 0 -0.173888
v -0.134244 0 -0.175045
v -0.133628 0 -0.176202
v -0.133011 0 -0.177359
v -0.132394 0 -0.178516
v -0.131776 0 -0.179673
v -0.131158 0 -0.180831
v -0.130539 0 -0.181988
v -0.12992 0 -0.183145
v -0.1293 0 -0.184303
v -0.12868 0 -0.18546
v -0.128058 0 -0.186617
v -0.127437 0 -0.187774
v -0.126814 0 -0.188931
v -0.126191 0 -0.190088
v -0.125567 0 -0.191245
v -0.124943 0 -0.192402
v -0.124318 0 -0.193558
v -0.123692 0 -0.194714
v -0.123066 0 -0.19587
v -0.122439 0 -0.197026
v -0.121812 0 -0.198181
v -0.121183 0 -0.199336
v -0.120554 0 -0.20049
v -0.119924 0 -0.201645
v -0.119294 0 -0.202799
v -0.118663 0 -0.203952
v -0.118031 0 -0.205105
v -0.117398 0 -0.206257
v -0.116765 0 -0.207409
v -0.116131 0 -0.208561
v -0.115496 0 -0.209712
v -0.114861 0 -0.210862
v -0.114224 0 -0.212012
v -0.113587 0 -0.213161
v -0.112949 0 -0.21431
v -0.112311 0 -0.215457
v -0.111671 0 -0.216605
v -0.111031 0 -0.217751
v -0.11039 0 -0.218897
v -0.109748 0 -0.220042
v -0.109105 0 -0.221186
v -0.108462 0 -0.222329
v -0.107817 0 -0.223472
v -0.107172 0 -0.224614
v -0.106526 0 -0.225755
v -0.105879 0 -0.226895
v -0.105232 0 -0.228034
v -0.104583 0 -0.229172
v -0.103934 0 -0.230309
v -0.103283 0 -0.231445
v -0.102632 0 -0.23258
v -0.10198 0 -0.233714
v -0.101327 0 -0.234847
v -0.100673 0 -0.235979
v -0.100018 0 -0.23711
v -0.099362 0 -0.238239
v -0.0987053 0 -0.239368
v -0.0980476 0 -0.240495
v -0.097389 0 -0.241621
v -0.0967294 0 -0.242746
v -0.0960689 0 -0.24387
v -0.0954074 0 -0.244992
v -0.0947449 0 -0.246113
v -0.0940815 0 -0.247233
v -0.093417 0 -0.248351
v -0.0927516 0 -0.249468
v -0.0920852 0 -0.250584
v -0.0914178 0 -0.251698
v -0.0907493 0 -0.252811
v -0.0900798 0 -0.253922
v -0.0894093 0 -0.255031
v -0.0887378 0 -0.25614
v -0.0880652 0 -0.257246
v -0.0873916 0 -0.258352
v -0.0867169 0 -0.259455
v -0.0860411 0 -0.260557
v -0.0853642 0 -0.261657
v -0.0846864 0 -0.262756
v -0.0840074 0 -0.263853
v -0.0833273 0 -0.264948
v -0.0826461 0 -0.266041
v -0.0819638 0 -0.267133
v -0.0812804 0 -0.268223
v -0.0805959 0 -0.269311
v -0.0799102 0 -0.270398
v -0.0792234 0 -0.271482
v -0.0785355 0 -0.272565
v -0.0778464 0 -0.273645
v -0.0771562 0 -0.274724
v -0.0764648 0 -0.275801
v -0.0757722 0 -0.276876
v -0.0750785 0 -0.277949
v -0.0743836 0 -0.27902
v -0.0736875 0 -0.280088
v -0.0729901 0 -0.281155
v -0.0722916 0 -0.28222
v -0.0715919 0 -0.283282
v -0.0708909 0 -0.284343
v -0.0701888 0 -0.285401
v -0.0694854 0 -0.286457
v -0.0687807 0 -0.287511
v -0.0680748 0 -0.288563
v -0.0673677 0 -0.289612
v -0.0666593 0 -0.290659
v -0.0659496 0 -0.291704
v -0.0652386 0 -0.292746
v -0.0645264 0 -0.293786
v -0.0638129 0 -0.294824
v -0.063098 0 -0.295859
v -0.0623819 0 -0.296892
v -0.0616645 0 -0.297923
v -0.0609457 0 -0.298951
v -0.0602257 0 -0.299976
v -0.0595043 0 -0.300999
v -0.0587815 0 -0.30202
v -0.0580574 0 -0.303038
v -0.057332 0 -0.304053
v -0.0566052 0 -0.305066
v -0.055877 0 -0.306076
v -0.0551475 0 -0.307083
v -0.0544166 0 -0.308088
v -0.0536843 0 -0.30909
v -0.0529506 0 -0.310089
v -0.0522155 0 -0.311086
v -0.051479 0 -0.312079
v -0.050741 0 -0.31307
v -0.0500017 0 -0.314058
v -0.0492609 0 -0.315044
v -0.0485187 0 -0.316026
v -0.047775 0 -0.317006
v -0.0470299 0 -0.317982
v -0.0462834 0 -0.318956
v -0.0455353 0 -0.319926
v -0.0447858 0 -0.320894
v -0.0440349 0 -0.321859
v -0.0432824 0 -0.32282
v -0.0425284 0 -0.323779
v -0.041773 0 -0.324734
v -0.041016 0 -0.325686
v -0.0402575 0 -0.326636
v -0.0394975 0 -0.327582
v -0.038736 0 -0.328525
v -0.0379729 0 -0.329464
v -0.0372083 0 -0.330401
v -0.0364422 0 -0.331334
v -0.0356745 0 -0.332264
v -0.0349052 0 -0.33319
v -0.0341344 0 -0.334114
v -0.033362 0 -0.335033
v -0.0325879 0 -0.33595
v -0.0318123 0 -0.336863
v -0.0310352 0 -0.337773
v -0.0302564 0 -0.338679
v -0.0294759 0 -0.339582
v -0.0286939 0 -0.340481
v -0.0279103 0 -0.341377
v -0.027125 0 -0.342269
v -0.0263381 0 -0.343158
v -0.0255495 0 -0.344043
v -0.0247592 0 -0.344924
v -0.0239673 0 -0.345802
v -0.0231738 0 -0.346676
v -0.0223786 0 -0.347547
v -0.0215817 0 -0.348414
v -0.0207831 0 -0.349277
v -0.0199827 0 -0.350136
v -0.0191808 0 -0.350992
v -0.018377 0 -0.351843
v -0.0175716 0 -0.352691
v -0.0167645 0 -0.353535
v -0.0159556 0 -0.354376
v -0.015145 0 -0.355212
v -0.0143326 0 -0.356044
v -0.0135184 0 -0.356873
v -0.0127025 0 -0.357697
v -0.0118849 0 -0.358517
v -0.0110655 0 -0.359334
v -0.0102443 0 -0.360146
v -0.00942132 0 -0.360955
v -0.00859652 0 -0.361759
v -0.00776992 0 -0.362559
v -0.00694156 0 -0.363355
v -0.00611135 0 -0.364147
v -0.00527929 0 -0.364935
v -0.00444541 0 -0.365718
v -0.00360974 0 -0.366497
v -0.00277218 0 -0.367272
v -0.00193281 0 -0.368043
v -0.00109155 0 -0.368809
v -0.000248432 0 -0.369571
v 0.000596583 0 -0.370329
v 0.00144346 0 -0.371082
v 0.0022922 0 -0.371831
v 0.00314284 0 -0.372576
v 0.00399538 0 -0.373316
v 0.00484984 0 -0.374052
v 0.0057062 0 -0.374783
v 0.00656449 0 -0.375509
v 0.00742472 0 -0.376231
v 0.00828686 0 -0.376949
v 0.00915096 0 -0.377662
v 0.010017 0 -0.37837
v 0.010885 0 -0.379074
v 0.0117549 0 -0.379773
v 0.0126269 0 -0.380467
v 0.0135008 0 -0.381157
v 0.0143767 0 -0.381842
v 0.0152546 0 -0.382522
v 0.0161345 0 -0.383197
v 0.0170163 0 -0.383868
v 0.0179002 0 -0.384533
v 0.0187862 0 -0.385194
v 0.0196741 0 -0.38585
v 0.0205641 0 -0.386501
v 0.0214561 0 -0.387147
v 0.0223502 0 -0.387789
v 0.0232463 0 -0.388425
v 0.0241445 0 -0.389056
v 0.0250447 0 -0.389683
v 0.0259471 0 -0.390304
v 0.0268515 0 -0.39092
v 0.0277579 0 -0.391531
v 0.0286666 0 -0.392137
v 0.0295773 0 -0.392738
v 0.03049 0 -0.393333
v 0.031405 0 -0.393924
v 0.0323221 0 -0.394509
v 0.0332412 0 -0.395089
v 0.0341625 0 -0.395664
v 0.035086 0 -0.396234
v 0.0360116 0 -0.396798
v 0.0369394 0 -0.397357
v 0.0378693 0 -0.39791
v 0.0388015 0 -0.398459
v 0.0397357 0 -0.399001
v 0.0406723 0 -0.399539
v 0.041611 0 -0.400071
v 0.0425518 0 -0.400597
v 0.0434949 0 -0.401118
v 0.0444403 0 -0.401633
v 0.0453878 0 -0.402143
v 0.0463375 0 -0.402648
v 0.0472895 0 -0.403146
v 0.0482438 0 -0.40364
v 0.0492003 0 -0.404127
v 0.050159 0 -0.404609
v 0.0511201 0 -0.405085
v 0.0520833 0 -0.405556
v 0.0520833 0 -0.405556
v 0.0530489 0 -0.40602
v 0.0540167 0 -0.406479
v 0.0549868 0 -0.406933
v 0.0559591 0 -0.40738
v 0.0569337 0 -0.407822
v 0.0579105 0 -0.408258
v 0.0588894 0 -0.408689
v 0.0598705 0 -0.409114
v 0.0608538 0 -0.409533
v 0.0618393 0 -0.409947
v 0.0628269 0 -0.410354
v 0.0638166 0 -0.410757
v 0.0648085 0 -0.411153
v 0.0658025 0 -0.411544
v 0.0667985 0 -0.41193
v 0.0677966 0 -0.41231
v 0.0687968 0 -0.412684
v 0.069799 0 -0.413053
v 0.0708033 0 -0.413416
v 0.0718095 0 -0.413773
v 0.0728178 0 -0.414125
v 0.0738281 0 -0.414471
v 0.0748403 0 -0.414812
v 0.0758545 0 -0.415148
v 0.0768707 0 -0.415477
v 0.0778888 0 -0.415802
v 0.0789088 0 -0.41612
v 0.0799308 0 -0.416434
v 0.0809546 0 -0.416741
v 0.0819803 0 -0.417044
v 0.0830079 0 -0.417341
v 0.0840374 0 -0.417632
v 0.0850686 0 -0.417918
v 0.0861017 0 -0.418198
v 0.0871367 0 -0.418473
v 0.0881734 0 -0.418743
v 0.0892119 0 -0.419007
v 0.0902522 0 -0.419266
v 0.0912943 0 -0.419519
v 0.0923381 0 -0.419767
v 0.0933836 0 -0.42001
v 0.0944308 0 -0.420247
v 0.0954798 0 -0.420479
v 0.0965304 0 -0.420705
v 0.0975828 0 -0.420926
v 0.0986367 0 -0.421142
v 0.0996924 0 -0.421353
v 0.10075 0 -0.421558
v 0.101809 0 -0.421757
v 0.102869 0 -0.421952
v 0.103931 0 -0.422141
v 0.104995 0 -0.422325
v 0.10606 0 -0.422504
v 0.107127 0 -0.422677
v 0.108195 0 -0.422845
v 0.109265 0 -0.423008
v 0.110337 0 -0.423165
v 0.111409 0 -0.423318
v 0.112484 0 -0.423465
v 0.11356 0 -0.423607
v 0.114637 0 -0.423743
v 0.115716 0 -0.423875
v 0.116796 0 -0.424001
v 0.117878 0 -0.424122
v 0.118961 0 -0.424238
v 0.120045 0 -0.424348
v 0.121131 0 -0.424454
v 0.122218 0 -0.424554
v 0.123306 0 -0.424649
v 0.124396 0 -0.424739
v 0.125487 0 -0.424824
v 0.12658 0 -0.424904
v 0.127674 0 -0.424979
v 0.128769 0 -0.425049
v 0.129865 0 -0.425113
v 0.130962 0 -0.425172
v 0.132061 0 -0.425227
v 0.133161 0 -0.425276
v 0.134263 0 -0.42532
v 0.135365 0 -0.425359
v 0.136469 0 -0.425393
v 0.137573 0 -0.425423
v 0.138679 0 -0.425447
v 0.139786 0 -0.425466
v 0.140895 0 -0.42548
v 0.142004 0 -0.425489
v 0.143115 0 -0.425493
v 0.144226 0 -0.425492
v 0.145339 0 -0.425486
v 0.146452 0 -0.425475
v 0.147567 0 -0.425459
v 0.148683 0 -0.425438
v 0.1498 0 -0.425412
v 0.150918 0 -0.425382
v 0.152036 0 -0.425346
v 0.153156 0 -0.425305
v 0.154277 0 -0.42526
v 0.155399 0 -0.42521
v 0.156521 0 -0.425154
v 0.157645 0 -0.425094
v 0.158769 0 -0.425029
v 0.159895 0 -0.424959
v 0.161021 0 -0.424885
v 0.162148 0 -0.424805
v 0.163276 0 -0.424721
v 0.164405 0 -0.424631
v 0.165535 0 -0.424537
v 0.166665 0 -0.424438
v 0.167796 0 -0.424335
v 0.168928 0 -0.424226
v 0.170061 0 -0.424113
v 0.171195 0 -0.423995
v 0.172329 0 -0.423872
v 0.173464 0 -0.423745
v 0.1746 0 -0.423612
v 0.175737 0 -0.423475
v 0.176874 0 -0.423333
v 0.178012 0 -0.423187
v 0.179151 0 -0.423036
v 0.18029 0 -0.42288
v 0.18143 0 -0.422719
v 0.18257 0 -0.422554
v 0.183711 0 -0.422383
v 0.184853 0 -0.422209
v 0.185995 0 -0.422029
v 0.187138 0 -0.421845
v 0.188282 0 -0.421657
v 0.189426 0 -0.421463
v 0.19057 0 -0.421265
v 0.191715 0 -0.421063
v 0.192861 0 -0.420855
v 0.194007 0 -0.420644
v 0.195153 0 -0.420427
v 0.1963 0 -0.420206
v 0.197447 0 -0.41998
v 0.198595 0 -0.41975
v 0.199743 0 -0.419515
v 0.200892 0 -0.419276
v 0.202041 0 -0.419032
v 0.203191 0 -0.418784
v 0.20434 0 -0.418531
v 0.205491 0 -0.418274
v 0.206641 0 -0.418012
v 0.207792 0 -0.417745
v 0.208943 0 -0.417474
v 0.210094 0 -0.417199
v 0.211246 0 -0.416919
v 0.212398 0 -0.416634
v 0.21355 0 -0.416345
v 0.214703 0 -0.416052
v 0.215856 0 -0.415754
v 0.217008 0 -0.415452
v 0.218162 0 -0.415145
v 0.219315 0 -0.414834
v 0.220468 0 -0.414519
v 0.221622 0 -0.414199
v 0.222776 0 -0.413875
v 0.22393 0 -0.413546
v 0.225084 0 -0.413213
v 0.226238 0 -0.412876
v 0.227392 0 -0.412534
v 0.228547 0 -0.412188
v 0.229701 0 -0.411837
v 0.230856 0 -0.411483
v 0.23201 0 -0.411123
v 0.233165 0 -0.41076
v 0.234319 0 -0.410392
v 0.235474 0 -0.41002
v 0.236628 0 -0.409644
v 0.237783 0 -0.409263
v 0.238937 0 -0.408878
v 0.240091 0 -0.408489
v 0.241246 0 -0.408096
v 0.2424 0 -0.407698
v 0.243554 0 -0.407296
v 0.244708 0 -0.40689
v 0.245862 0 -0.40648
v 0.247016 0 -0.406065
v 0.248169 0 -0.405646
v 0.249323 0 -0.405223
v 0.250476 0 -0.404796
v 0.251629 0 -0.404365
v 0.252782 0 -0.403929
v 0.253935 0 -0.40349
v 0.255087 0 -0.403046
v 0.256239 0 -0.402598
v 0.257391 0 -0.402146
v 0.258543 0 -0.401689
v 0.259694 0 -0.401229
v 0.260845 0 -0.400764
v 0.261996 0 -0.400296
v 0.263146 0 -0.399823
v 0.264296 0 -0.399346
v 0.265446 0 -0.398865
v 0.266595 0 -0.398381
v 0.267744 0 -0.397892
v 0.268892 0 -0.397399
v 0.270041 0 -0.396901
v 0.271188 0 -0.3964
v 0.272335 0 -0.395895
v 0.273482 0 -0.395386
v 0.274629 0 -0.394873
v 0.275774 0 -0.394356
v 0.27692 0 -0.393835
v 0.278065 0 -0.393309
v 0.279209 0 -0.39278
v 0.280353 0 -0.392247
v 0.281496 0 -0.39171
v 0.282639 0 -0.391169
v 0.283781 0 -0.390624
v 0.284922 0 -0.390075
v 0.286063 0 -0.389523
v 0.287203 0 -0.388966
v 0.288343 0 -0.388405
v 0.289482 0 -0.387841
v 0.29062 0 -0.387272
v 0.291758 0 -0.3867
v 0.292895 0 -0.386124
v 0.294031 0 -0.385544
v 0.295167 0 -0.38496
v 0.296302 0 -0.384372
v 0.297436 0 -0.383781
v 0.298569 0 -0.383185
v 0.299702 0 -0.382586
v 0.300834 0 -0.381983
v 0.301965 0 -0.381376
v 0.303095 0 -0.380766
v 0.304224 0 -0.380151
v 0.305353 0 -0.379533
v 0.30648 0 -0.378911
v 0.307607 0 -0.378285
v 0.308733 0 -0.377656
v 0.309858 0 -0.377023
v 0.310983 0 -0.376386
v 0.312106 0 -0.375745
v 0.313228 0 -0.375101
v 0.314349 0 -0.374453
v 0.31547 0 -0.373801
v 0.316589 0 -0.373145
v 0.317708 0 -0.372486
v 0.318825 0 -0.371823
v 0.319942 0 -0.371157
v 0.321057 0 -0.370486
v 0.322171 0 -0.369813
v 0.323285 0 -0.369135
v 0.324397 0 -0.368454
v 0.325508 0 -0.367769
v 0.326618 0 -0.367081
v 0.327727 0 -0.366389
v 0.328835 0 -0.365693
v 0.329942 0 -0.364994
v 0.331047 0 -0.364292
v 0.332152 0 -0.363585
v 0.333255 0 -0.362875
v 0.334357 0 -0.362162
v 0.335458 0 -0.361445
v 0.336557 0 -0.360724
v 0.337656 0 -0.36
v 0.338753 0 -0.359273
v 0.339849 0 -0.358542
v 0.340943 0 -0.357807
v 0.342037 0 -0.357069
v 0.343129 0 -0.356328
v 0.344219 0 -0.355583
v 0.345309 0 -0.354834
v 0.346397 0 -0.354082
v 0.347483 0 -0.353327
v 0.348569 0 -0.352568
v 0.349652 0 -0.351805
v 0.350735 0 -0.35104
v 0.351816 0 -0.350271
v 0.352896 0 -0.349498
v 0.353974 0 -0.348722
v 0.355051 0 -0.347943
v 0.356126 0 -0.34716
v 0.3572 0 -0.346374
v 0.358272 0 -0.345584
v 0.359343 0 -0.344792
v 0.360413 0 -0.343995
v 0.36148 0 -0.343196
v 0.362547 0 -0.342393
v 0.363611 0 -0.341587
v 0.364675 0 -0.340777
v 0.365736 0 -0.339964
v 0.366796 0 -0.339148
v 0.367854 0 -0.338329
v 0.368911 0 -0.337506
v 0.369966 0 -0.33668
v 0.37102 0 -0.335851
v 0.372071 0 -0.335018
v 0.373121 0 -0.334183
v 0.37417 0 -0.333344
v 0.375216 0 -0.332502
v 0.376261 0 -0.331656
v 0.377304 0 -0.330808
v 0.378346 0 -0.329956
v 0.379385 0 -0.329101
v 0.380423 0 -0.328242
v 0.381459 0 -0.327381
v 0.382494 0 -0.326516
v 0.383526 0 -0.325649
v 0.384557 0 -0.324778
v 0.385586 0 -0.323904
v 0.386613 0 -0.323027
v 0.387638 0 -0.322146
v 0.388661 0 -0.321263
v 0.389682 0 -0.320376
v 0.390701 0 -0.319487
v 0.391719 0 -0.318594
v 0.392734 0 -0.317698
v 0.393748 0 -0.316799
v 0.394759 0 -0.315897
v 0.395769 0 -0.314992
v 0.396776 0 -0.314084
v 0.397782 0 -0.313173
v 0.398786 0 -0.312259
v 0.399787 0 -0.311342
v 0.400787 0 -0.310422
v 0.401784 0 -0.309498
v 0.402779 0 -0.308572
v 0.403772 0 -0.307643
v 0.404763 0 -0.306711
v 0.405753 0 -0.305776
v 0.406739 0 -0.304838
v 0.407724 0 -0.303897
v 0.408707 0 -0.302952
v 0.409687 0 -0.302006
v 0.410665 0 -0.301056
v 0.411641 0 -0.300103
v 0.412615 0 -0.299147
v 0.413586 0 -0.298188
v 0.414556 0 -0.297227
v 0.415523 0 -0.296263
v 0.416487 0 -0.295295
v 0.41745 0 -0.294325
v 0.41841 0 -0.293352
v 0.419368 0 -0.292376
v 0.420323 0 -0.291397
v 0.421277 0 -0.290416
v 0.422228 0 -0.289432
v 0.423176 0 -0.288444
v 0.424122 0 -0.287454
v 0.425066 0 -0.286461
v 0.426007 0 -0.285466
v 0.426946 0 -0.284467
v 0.427883 0 -0.283466
v 0.428817 0 -0.282462
v 0.429748 0 -0.281456
v 0.430677 0 -0.280446
v 0.431604 0 -0.279434
v 0.432528 0 -0.278419
v 0.433449 0 -0.277401
v 0.434368 0 -0.276381
v 0.435285 0 -0.275358
v 0.436199 0 -0.274332
v 0.43711 0 -0.273304
v 0.438019 0 -0.272272
v 0.438925 0 -0.271239
v 0.439829 0 -0.270202
v 0.44073 0 -0.269163
v 0.441628 0 -0.268121
v 0.442524 0 -0.267077
v 0.443417 0 -0.26603
v 0.444307 0 -0.26498
v 0.445195 0 -0.263927
v 0.446079 0 -0.262873
v 0.446962 0 -0.261815
v 0.447841 0 -0.260755
v 0.448718 0 -0.259692
v 0.449592 0 -0.258627
v 0.450463 0 -0.257559
v 0.451331 0 -0.256489
v 0.452197 0 -0.255416
v 0.453059 0 -0.25434
v 0.453919 0 -0.253262
v 0.454776 0 -0.252182
v 0.455631 0 -0.251099
v 0.456482 0 -0.250013
v 0.45733 0 -0.248925
v 0.458176 0 -0.247835
v 0.459019 0 -0.246742
v 0.459858 0 -0.245646
v 0.460695 0 -0.244548
v 0.461529 0 -0.243448
v 0.46236 0 -0.242345
v 0.463188 0 -0.24124
v 0.464013 0 -0.240132
v 0.464835 0 -0.239022
v 0.465653 0 -0.23791
v 0.466469 0 -0.236795
v 0.467282 0 -0.235678
v 0.468092 0 -0.234558
v 0.468898 0 -0.233436
v 0.469702 0 -0.232311
v 0.470502 0 -0.231185
v 0.4713 0 -0.230056
v 0.472094 0 -0.228924
v 0.472885 0 -0.22779
v 0.473673 0 -0.226654
v 0.474458 0 -0.225516
v 0.475239 0 -0.224375
v 0.476017 0 -0.223232
v 0.476793 0 -0.222087
v 0.477564 0 -0.220939
v 0.478333 0 -0.219789
v 0.479098 0 -0.218637
v 0.479861 0 -0.217483
v 0.480619 0 -0.216326
v 0.481375 0 -0.215167
v 0.482127 0 -0.214006
v 0.482876 0 -0.212843
v 0.483622 0 -0.211677
v 0.484364 0 -0.210509
v 0.485103 0 -0.209339
v 0.485838 0 -0.208167
v 0.486571 0 -0.206993
v 0.487299 0 -0.205816
v 0.488024 0 -0.204638
v 0.488746 0 -0.203457
v 0.489465 0 -0.202274
v 0.49018 0 -0.201089
v 0.490891 0 -0.199902
v 0.491599 0 -0.198712
v 0.492304 0 -0.197521
v 0.493005 0 -0.196328
v 0.493702 0 -0.195132
v 0.494396 0 -0.193934
v 0.495086 0 -0.192734
v 0.495773 0 -0.191533
v 0.496456 0 -0.190329
v 0.497136 0 -0.189123
v 0.497812 0 -0.187915
v 0.498484 0 -0.186705
v 0.499153 0 -0.185493
v 0.499818 0 -0.184279
v 0.50048 0 -0.183062
v 0.501137 0 -0.181844
v 0.501791 0 -0.180624
v 0.502442 0 -0.179402
v 0.503088 0 -0.178178
v 0.503731 0 -0.176952
v 0.504371 0 -0.175724
v 0.505006 0 -0.174495
v 0.505638 0 -0.173263
v 0.506265 0 -0.172029
v 0.506889 0 -0.170793
v 0.50751 0 -0.169556
v 0.508126 0 -0.168316
v 0.508739 0 -0.167075
v 0.509347 0 -0.165832
v 0.509952 0 -0.164586
v 0.510553 0 -0.163339
v 0.51115 0 -0.16209
v 0.511743 0 -0.16084
v 0.512332 0 -0.159587
v 0.512918 0 -0.158333
v 0.513499 0 -0.157076
v 0.514076 0 -0.155818
v 0.51465 0 -0.154559
v 0.515219 0 -0.153297
v 0.515785 0 -0.152033
v 0.516346 0 -0.150768
v 0.516903 0 -0.149501
v 0.517457 0 -0.148232
v 0.518006 0 -0.146962
v 0.518551 0 -0.145689
v 0.519092 0 -0.144416
v 0.519629 0 -0.14314
v 0.520162 0 -0.141862
v 0.520691 0 -0.140583
v 0.521215 0 -0.139302
v 0.521736 0 -0.138019
v 0.522252 0 -0.136735
v 0.522764 0 -0.135449
v 0.523272 0 -0.134161
v 0.523776 0 -0.132872
v 0.524275 0 -0.131581
v 0.52477 0 -0.130288
v 0.525261 0 -0.128994
v 0.525748 0 -0.127698
v 0.52623 0 -0.126401
v 0.526708 0 -0.125102
v 0.527182 0 -0.123801
v 0.527652 0 -0.122499
v 0.528117 0 -0.121195
v 0.528578 0 -0.119889
v 0.529034 0 -0.118582
v 0.529486 0 -0.117273
v 0.529934 0 -0.115963
v 0.530377 0 -0.114651
v 0.530816 0 -0.113338
v 0.531251 0 -0.112023
v 0.531681 0 -0.110707
v 0.532106 0 -0.109389
v 0.532527 0 -0.10807
v 0.532944 0 -0.106749
v 0.533356 0 -0.105427
v 0.533764 0 -0.104103
v 0.534167 0 -0.102778
v 0.534167 0 -0.102778
v 0.534565 0 -0.101451
v 0.534959 0 -0.100123
v 0.535349 0 -0.0987933
v 0.535734 0 -0.0974622
v 0.536114 0 -0.0961298
v 0.53649 0 -0.0947959
v 0.536861 0 -0.0934606
v 0.537228 0 -0.0921239
v 0.537591 0 -0.0907859
v 0.537949 0 -0.0894464
v 0.538302 0 -0.0881056
v 0.538651 0 -0.0867634
v 0.538996 0 -0.0854199
v 0.539336 0 -0.084075
v 0.539672 0 -0.0827287
v 0.540003 0 -0.0813812
v 0.54033 0 -0.0800323
v 0.540652 0 -0.0786821
v 0.54097 0 -0.0773306
v 0.541283 0 -0.0759778
v 0.541592 0 -0.0746238
v 0.541897 0 -0.0732685
v 0.542197 0 -0.0719118
v 0.542493 0 -0.070554
v 0.542785 0 -0.0691949
v 0.543072 0 -0.0678345
v 0.543355 0 -0.0664729
v 0.543633 0 -0.0651101
v 0.543907 0 -0.0637461
v 0.544177 0 -0.0623808
v 0.544442 0 -0.0610144
v 0.544703 0 -0.0596468
v 0.544959 0 -0.058278
v 0.545212 0 -0.056908
v 0.54546 0 -0.0555369
v 0.545703 0 -0.0541646
v 0.545943 0 -0.0527911
v 0.546178 0 -0.0514165
v 0.546408 0 -0.0500408
v 0.546635 0 -0.048664
v 0.546857 0 -0.0472861
v 0.547075 0 -0.0459071
v 0.547288 0 -0.0445269
v 0.547498 0 -0.0431457
v 0.547703 0 -0.0417634
v 0.547903 0 -0.0403801
v 0.5481 0 -0.0389957
v 0.548292 0 -0.0376102
v 0.54848 0 -0.0362237
v 0.548664 0 -0.0348362
v 0.548844 0 -0.0334476
v 0.549019 0 -0.0320581
v 0.54919 0 -0.0306675
v 0.549357 0 -0.0292759
v 0.54952 0 -0.0278834
v 0.549678 0 -0.0264898
v 0.549833 0 -0.0250953
v 0.549983 0 -0.0236998
v 0.550129 0 -0.0223034
v 0.550271 0 -0.020906
v 0.550408 0 -0.0195077
v 0.550542 0 -0.0181085
v 0.550671 0 -0.0167083
v 0.550796 0 -0.0153073
v 0.550917 0 -0.0139053
v 0.551034 0 -0.0125025
v 0.551147 0 -0.0110987
v 0.551256 0 -0.00969409
v 0.55136 0 -0.00828861
v 0.551461 0 -0.00688227
v 0.551557 0 -0.00547509
v 0.55165 0 -0.00406706
v 0.551738 0 -0.0026582
v 0.551822 0 -0.00124851
v 0.551902 0 0.000161978
v 0.551978 0 0.00157331
v 0.55205 0 0.00298538
v 0.552118 0 0.00439826
v 0.552181 0 0.00581193
v 0.552241 0 0.00722636
v 0.552297 0 0.00864158
v 0.552348 0 0.0100575
v 0.552396 0 0.0114742
v 0.55244 0 0.0128917
v 0.552479 0 0.0143098
v 0.552515 0 0.0157287
v 0.552546 0 0.0171483
v 0.552574 0 0.0185686
v 0.552598 0 0.0199895
v 0.552617 0 0.0214112
v 0.552633 0 0.0228335
v 0.552645 0 0.0242565
v 0.552652 0 0.0256802
v 0.552656 0 0.0271045
v 0.552656 0 0.0285294
v 0.552652 0 0.029955
v 0.552644 0 0.0313812
v 0.552632 0 0.032808
v 0.552616 0 0.0342354
v 0.552596 0 0.0356634
v 0.552572 0 0.037092
v 0.552544 0 0.0385212
v 0.552513 0 0.039951
v 0.552477 0 0.0413813
v 0.552438 0 0.0428121
v 0.552395 0 0.0442435
v 0.552347 0 0.0456755
v 0.552296 0 0.047108
v 0.552242 0 0.0485409
v 0.552183 0 0.0499744
v 0.55212 0 0.0514084
v 0.552054 0 0.0528429
v 0.551984 0 0.0542779
v 0.551909 0 0.0557133
v 0.551831 0 0.0571492
v 0.55175 0 0.0585856
v 0.551664 0 0.0600224
v 0.551575 0 0.0614596
v 0.551482 0 0.0628973
v 0.551385 0 0.0643354
v 0.551284 0 0.0657739
v 0.551179 0 0.0672128
v 0.551071 0 0.0686522
v 0.550959 0 0.0700919
v 0.550843 0 0.0715319
v 0.550723 0 0.0729724
v 0.5506 0 0.0744132
v 0.550473 0 0.0758544
v 0.550342 0 0.0772959
v 0.550208 0 0.0787377
v 0.550069 0 0.0801799
v 0.549927 0 0.0816223
v 0.549781 0 0.0830651
v 0.549632 0 0.0845082
v 0.549479 0 0.0859516
v 0.549322 0 0.0873953
v 0.549161 0 0.0888392
v 0.548997 0 0.0902834
v 0.548829 0 0.0917278
v 0.548658 0 0.0931726
v 0.548482 0 0.0946175
v 0.548304 0 0.0960627
v 0.548121 0 0.097508
v 0.547935 0 0.0989537
v 0.547745 0 0.100399
v 0.547552 0 0.101845
v 0.547354 0 0.103292
v 0.547154 0 0.104738
v 0.546949 0 0.106185
v 0.546741 0 0.107631
v 0.54653 0 0.109078
v 0.546315 0 0.110525
v 0.546096 0 0.111972
v 0.545874 0 0.113419
v 0.545648 0 0.114867
v 0.545418 0 0.116314
v 0.545185 0 0.117762
v 0.544949 0 0.11921
v 0.544709 0 0.120657
v 0.544465 0 0.122105
v 0.544218 0 0.123553
v 0.543967 0 0.125001
v 0.543713 0 0.126449
v 0.543455 0 0.127897
v 0.543193 0 0.129345
v 0.542929 0 0.130793
v 0.54266 0 0.132241
v 0.542388 0 0.133689
v 0.542113 0 0.135137
v 0.541834 0 0.136585
v 0.541552 0 0.138033
v 0.541266 0 0.139481
v 0.540977 0 0.140929
v 0.540684 0 0.142377
v 0.540388 0 0.143825
v 0.540089 0 0.145273
v 0.539786 0 0.146721
v 0.539479 0 0.148168
v 0.539169 0 0.149616
v 0.538856 0 0.151063
v 0.538539 0 0.152511
v 0.538219 0 0.153958
v 0.537896 0 0.155405
v 0.537569 0 0.156852
v 0.537238 0 0.158299
v 0.536905 0 0.159745
v 0.536567 0 0.161192
v 0.536227 0 0.162638
v 0.535883 0 0.164084
v 0.535536 0 0.16553
v 0.535185 0 0.166976
v 0.534832 0 0.168422
v 0.534474 0 0.169867
v 0.534114 0 0.171312
v 0.53375 0 0.172757
v 0.533383 0 0.174201
v 0.533012 0 0.175646
v 0.532638 0 0.17709
v 0.532261 0 0.178534
v 0.531881 0 0.179977
v 0.531497 0 0.181421
v 0.53111 0 0.182864
v 0.53072 0 0.184306
v 0.530326 0 0.185749
v 0.529929 0 0.187191
v 0.529529 0 0.188633
v 0.529126 0 0.190074
v 0.528719 0 0.191515
v 0.52831 0 0.192956
v 0.527896 0 0.194396
v 0.52748 0 0.195836
v 0.527061 0 0.197276
v 0.526638 0 0.198715
v 0.526212 0 0.200154
v 0.525783 0 0.201592
v 0.525351 0 0.20303
v 0.524915 0 0.204468
v 0.524476 0 0.205905
v 0.524034 0 0.207341
v 0.523589 0 0.208778
v 0.523141 0 0.210213
v 0.52269 0 0.211649
v 0.522235 0 0.213084
v 0.521778 0 0.214518
v 0.521317 0 0.215952
v 0.520853 0 0.217385
v 0.520386 0 0.218818
v 0.519915 0 0.22025
v 0.519442 0 0.221682
v 0.518966 0 0.223113
v 0.518486 0 0.224544
v 0.518004 0 0.225974
v 0.517518 0 0.227404
v 0.517029 0 0.228833
v 0.516537 0 0.230261
v 0.516042 0 0.231689
v 0.515544 0 0.233116
v 0.515043 0 0.234543
v 0.514539 0 0.235969
v 0.514032 0 0.237394
v 0.513521 0 0.238819
v 0.513008 0 0.240243
v 0.512492 0 0.241667
v 0.511972 0 0.24309
v 0.51145 0 0.244512
v 0.510925 0 0.245933
v 0.510396 0 0.247354
v 0.509865 0 0.248774
v 0.509331 0 0.250193
v 0.508793 0 0.251612
v 0.508253 0 0.25303
v 0.50771 0 0.254447
v 0.507164 0 0.255864
v 0.506614 0 0.257279
v 0.506062 0 0.258694
v 0.505507 0 0.260109
v 0.504949 0 0.261522
v 0.504388 0 0.262935
v 0.503824 0 0.264347
v 0.503257 0 0.265758
v 0.502688 0 0.267168
v 0.502115 0 0.268577
v 0.501539 0 0.269986
v 0.500961 0 0.271394
v 0.50038 0 0.272801
v 0.499795 0 0.274207
v 0.499208 0 0.275612
v 0.498618 0 0.277016
v 0.498025 0 0.27842
v 0.49743 0 0.279822
v 0.496831 0 0.281224
v 0.49623 0 0.282625
v 0.495625 0 0.284025
v 0.495018 0 0.285424
v 0.494409 0 0.286822
v 0.493796 0 0.288219
v 0.49318 0 0.289615
v 0.492562 0 0.29101
v 0.491941 0 0.292405
v 0.491317 0 0.293798
v 0.49069 0 0.29519
v 0.49006 0 0.296581
v 0.489428 0 0.297972
v 0.488793 0 0.299361
v 0.488155 0 0.300749
v 0.487514 0 0.302137
v 0.486871 0 0.303523
v 0.486225 0 0.304908
v 0.485576 0 0.306292
v 0.484924 0 0.307675
v 0.48427 0 0.309057
v 0.483613 0 0.310438
v 0.482953 0 0.311818
v 0.482291 0 0.313197
v 0.481625 0 0.314574
v 0.480958 0 0.315951
v 0.480287 0 0.317326
v 0.479614 0 0.3187
v 0.478938 0 0.320073
v 0.478259 0 0.321445
v 0.477578 0 0.322816
v 0.476894 0 0.324186
v 0.476207 0 0.325554
v 0.475518 0 0.326921
v 0.474826 0 0.328288
v 0.474132 0 0.329652
v 0.473434 0 0.331016
v 0.472735 0 0.332379
v 0.472032 0 0.33374
v 0.471327 0 0.3351
v 0.47062 0 0.336459
v 0.469909 0 0.337816
v 0.469197 0 0.339172
v 0.468481 0 0.340527
v 0.467763 0 0.341881
v 0.467043 0 0.343233
v 0.46632 0 0.344585
v 0.465594 0 0.345934
v 0.464866 0 0.347283
v 0.464135 0 0.34863
v 0.463402 0 0.349976
v 0.462666 0 0.35132
v 0.461927 0 0.352664
v 0.461186 0 0.354005
v 0.460443 0 0.355346
v 0.459697 0 0.356685
v 0.458949 0 0.358023
v 0.458198 0 0.359359
v 0.457444 0 0.360694
v 0.456688 0 0.362027
v 0.45593 0 0.363359
v 0.455169 0 0.36469
v 0.454406 0 0.366019
v 0.45364 0 0.367347
v 0.452872 0 0.368673
v 0.452101 0 0.369998
v 0.451328 0 0.371321
v 0.450552 0 0.372643
v 0.449774 0 0.373964
v 0.448994 0 0.375282
v 0.448211 0 0.3766
v 0.447426 0 0.377916
v 0.446638 0 0.37923
v 0.445848 0 0.380543
v 0.445056 0 0.381854
v 0.444261 0 0.383164
v 0.443464 0 0.384472
v 0.442664 0 0.385779
v 0.441862 0 0.387084
v 0.441058 0 0.388387
v 0.440251 0 0.389689
v 0.439442 0 0.390989
v 0.43863 0 0.392288
v 0.437817 0 0.393585
v 0.437001 0 0.39488
v 0.436182 0 0.396174
v 0.435362 0 0.397466
v 0.434539 0 0.398757
v 0.433713 0 0.400046
v 0.432886 0 0.401333
v 0.432056 0 0.402618
v 0.431224 0 0.403902
v 0.430389 0 0.405184
v 0.429553 0 0.406464
v 0.428713 0 0.407743
v 0.427872 0 0.40902
v 0.427029 0 0.410295
v 0.426183 0 0.411569
v 0.425335 0 0.41284
v 0.424485 0 0.41411
v 0.423632 0 0.415379
v 0.422778 0 0.416645
v 0.421921 0 0.41791
v 0.421061 0 0.419172
v 0.4202 0 0.420433
v 0.419337 0 0.421693
v 0.418471 0 0.42295
v 0.417603 0 0.424206
v 0.416733 0 0.425459
v 0.415861 0 0.426711
v 0.414986 0 0.427961
v 0.41411 0 0.429209
v 0.413231 0 0.430456
v 0.41235 0 0.4317
v 0.411467 0 0.432943
v 0.410582 0 0.434183
v 0.409694 0 0.435422
v 0.408805 0 0.436659
v 0.407913 0 0.437894
v 0.40702 0 0.439127
v 0.406124 0 0.440358
v 0.405226 0 0.441587
v 0.404326 0 0.442814
v 0.403424 0 0.444039
v 0.40252 0 0.445262
v 0.401614 0 0.446483
v 0.400705 0 0.447703
v 0.399795 0 0.44892
v 0.398883 0 0.450135
v 0.397968 0 0.451348
v 0.397052 0 0.452559
v 0.396133 0 0.453768
v 0.395213 0 0.454975
v 0.39429 0 0.45618
v 0.393366 0 0.457383
v 0.392439 0 0.458584
v 0.39151 0 0.459783
v 0.39058 0 0.46098
v 0.389647 0 0.462174
v 0.388712 0 0.463367
v 0.387776 0 0.464557
v 0.386837 0 0.465745
v 0.385897 0 0.466931
v 0.384954 0 0.468115
v 0.38401 0 0.469297
v 0.383064 0 0.470477
v 0.382115 0 0.471654
v 0.381165 0 0.47283
v 0.380213 0 0.474003
v 0.379259 0 0.475174
v 0.378303 0 0.476342
v 0.377345 0 0.477509
v 0.376385 0 0.478673
v 0.375423 0 0.479835
v 0.374459 0 0.480995
v 0.373494 0 0.482153
v 0.372526 0 0.483308
v 0.371557 0 0.484461
v 0.370586 0 0.485612
v 0.369613 0 0.48676
v 0.368638 0 0.487907
v 0.367661 0 0.489051
v 0.366683 0 0.490192
v 0.365702 0 0.491331
v 0.36472 0 0.492468
v 0.363736 0 0.493603
v 0.36275 0 0.494735
v 0.361763 0 0.495865
v 0.360773 0 0.496993
v 0.359782 0 0.498118
v 0.358789 0 0.499241
v 0.357794 0 0.500361
v 0.356797 0 0.501479
v 0.355799 0 0.502595
v 0.354798 0 0.503708
v 0.353796 0 0.504819
v 0.352793 0 0.505928
v 0.351787 0 0.507034
v 0.35078 0 0.508137
v 0.349771 0 0.509238
v 0.34876 0 0.510337
v 0.347748 0 0.511433
v 0.346734 0 0.512526
v 0.345718 0 0.513618
v 0.3447 0 0.514706
v 0.343681 0 0.515792
v 0.34266 0 0.516876
v 0.341638 0 0.517957
v 0.340613 0 0.519036
v 0.339587 0 0.520112
v 0.33856 0 0.521185
v 0.33753 0 0.522256
v 0.336499 0 0.523324
v 0.335467 0 0.52439
v 0.334432 0 0.525453
v 0.333396 0 0.526514
v 0.332359 0 0.527572
v 0.33132 0 0.528627
v 0.330279 0 0.52968
v 0.329237 0 0.53073
v 0.328193 0 0.531778
v 0.327147 0 0.532822
v 0.3261 0 0.533864
v 0.325051 0 0.534904
v 0.324001 0 0.535941
v 0.322949 0 0.536975
v 0.321895 0 0.538006
v 0.32084 0 0.539035
v 0.319783 0 0.540061
v 0.318725 0 0.541085
v 0.317665 0 0.542105
v 0.316604 0 0.543123
v 0.315541 0 0.544138
v 0.314477 0 0.545151
v 0.313411 0 0.54616
v 0.312344 0 0.547167
v 0.311275 0 0.548171
v 0.310205 0 0.549172
v 0.309133 0 0.550171
v 0.308059 0 0.551167
v 0.306985 0 0.552159
v 0.305908 0 0.553149
v 0.30483 0 0.554137
v 0.303751 0 0.555121
v 0.302671 0 0.556103
v 0.301588 0 0.557081
v 0.300505 0 0.558057
v 0.29942 0 0.55903
v 0.298333 0 0.56
v 0.298333 0 0.56
v 0.297245 0 0.560967
v 0.296156 0 0.561931
v 0.295065 0 0.562893
v 0.293973 0 0.563851
v 0.29288 0 0.564807
v 0.291785 0 0.565759
v 0.290689 0 0.566709
v 0.289591 0 0.567656
v 0.288492 0 0.5686
v 0.287391 0 0.569541
v 0.286289 0 0.570479
v 0.285186 0 0.571414
v 0.284082 0 0.572346
v 0.282976 0 0.573275
v 0.281868 0 0.574202
v 0.28076 0 0.575125
v 0.27965 0 0.576045
v 0.278539 0 0.576963
v 0.277426 0 0.577877
v 0.276312 0 0.578789
v 0.275197 0 0.579697
v 0.27408 0 0.580603
v 0.272963 0 0.581505
v 0.271843 0 0.582405
v 0.270723 0 0.583301
v 0.269601 0 0.584195
v 0.268478 0 0.585085
v 0.267354 0 0.585973
v 0.266228 0 0.586858
v 0.265102 0 0.587739
v 0.263974 0 0.588618
v 0.262844 0 0.589493
v 0.261714 0 0.590366
v 0.260582 0 0.591236
v 0.259449 0 0.592102
v 0.258315 0 0.592966
v 0.257179 0 0.593826
v 0.256042 0 0.594683
v 0.254905 0 0.595538
v 0.253765 0 0.596389
v 0.252625 0 0.597237
v 0.251484 0 0.598083
v 0.250341 0 0.598925
v 0.249197 0 0.599764
v 0.248052 0 0.6006
v 0.246906 0 0.601433
v 0.245758 0 0.602263
v 0.24461 0 0.60309
v 0.24346 0 0.603913
v 0.242309 0 0.604734
v 0.241157 0 0.605552
v 0.240004 0 0.606366
v 0.238849 0 0.607178
v 0.237694 0 0.607986
v 0.236538 0 0.608791
v 0.23538 0 0.609593
v 0.234221 0 0.610392
v 0.233061 0 0.611188
v 0.2319 0 0.611981
v 0.230738 0 0.61277
v 0.229575 0 0.613557
v 0.228411 0 0.61434
v 0.227245 0 0.615121
v 0.226079 0 0.615898
v 0.224911 0 0.616672
v 0.223743 0 0.617442
v 0.222573 0 0.61821
v 0.221402 0 0.618975
v 0.220231 0 0.619736
v 0.219058 0 0.620494
v 0.217884 0 0.621249
v 0.216709 0 0.622001
v 0.215533 0 0.62275
v 0.214357 0 0.623495
v 0.213179 0 0.624237
v 0.212 0 0.624977
v 0.21082 0 0.625712
v 0.209639 0 0.626445
v 0.208457 0 0.627175
v 0.207274 0 0.627901
v 0.206091 0 0.628624
v 0.204906 0 0.629344
v 0.20372 0 0.630061
v 0.202533 0 0.630774
v 0.201346 0 0.631485
v 0.200157 0 0.632192
v 0.198968 0 0.632896
v 0.197777 0 0.633596
v 0.196586 0 0.634294
v 0.195393 0 0.634988
v 0.1942 0 0.635679
v 0.193006 0 0.636366
v 0.191811 0 0.637051
v 0.190615 0 0.637732
v 0.189418 0 0.63841
v 0.18822 0 0.639084
v 0.187021 0 0.639755
v 0.185821 0 0.640424
v 0.184621 0 0.641088
v 0.18342 0 0.64175
v 0.182217 0 0.642408
v 0.181014 0 0.643063
v 0.17981 0 0.643715
v 0.178606 0 0.644363
v 0.1774 0 0.645008
v 0.176194 0 0.64565
v 0.174986 0 0.646288
v 0.173778 0 0.646923
v 0.172569 0 0.647555
v 0.171359 0 0.648184
v 0.170149 0 0.648809
v 0.168938 0 0.649431
v 0.167725 0 0.650049
v 0.166512 0 0.650664
v 0.165299 0 0.651276
v 0.164084 0 0.651885
v 0.162869 0 0.65249
v 0.161653 0 0.653092
v 0.160436 0 0.65369
v 0.159218 0 0.654285
v 0.158 0 0.654877
v 0.156781 0 0.655465
v 0.155561 0 0.65605
v 0.15434 0 0.656632
v 0.153119 0 0.65721
v 0.151897 0 0.657785
v 0.150674 0 0.658357
v 0.149451 0 0.658925
v 0.148227 0 0.659489
v 0.147002 0 0.660051
v 0.145776 0 0.660609
v 0.14455 0 0.661163
v 0.143323 0 0.661714
v 0.142095 0 0.662262
v 0.140867 0 0.662806
v 0.139638 0 0.663347
v 0.138408 0 0.663884
v 0.137178 0 0.664418
v 0.135947 0 0.664949
v 0.134715 0 0.665476
v 0.133483 0 0.666
v 0.13225 0 0.66652
v 0.131016 0 0.667037
v 0.129782 0 0.66755
v 0.128547 0 0.66806
v 0.127312 0 0.668566
v 0.126076 0 0.669069
v 0.124839 0 0.669569
v 0.123602 0 0.670065
v 0.122364 0 0.670557
v 0.121126 0 0.671046
v 0.119887 0 0.671532
v 0.118647 0 0.672014
v 0.117407 0 0.672493
v 0.116167 0 0.672968
v 0.114925 0 0.67344
v 0.113684 0 0.673908
v 0.112441 0 0.674372
v 0.111198 0 0.674833
v 0.109955 0 0.675291
v 0.108711 0 0.675745
v 0.107467 0 0.676195
v 0.106222 0 0.676642
v 0.104976 0 0.677086
v 0.10373 0 0.677526
v 0.102484 0 0.677962
v 0.101236 0 0.678395
v 0.099989 0 0.678824
v 0.098741 0 0.67925
v 0.0974925 0 0.679673
v 0.0962436 0 0.680091
v 0.0949941 0 0.680506
v 0.0937442 0 0.680918
v 0.0924939 0 0.681326
v 0.0912431 0 0.68173
v 0.0899919 0 0.682131
v 0.0887402 0 0.682528
v 0.087488 0 0.682922
v 0.0862355 0 0.683312
v 0.0849825 0 0.683698
v 0.0837291 0 0.684081
v 0.0824753 0 0.68446
v 0.0812211 0 0.684836
v 0.0799665 0 0.685208
v 0.0787115 0 0.685577
v 0.0774561 0 0.685941
v 0.0762003 0 0.686303
v 0.0749441 0 0.68666
v 0.0736876 0 0.687014
v 0.0724306 0 0.687365
v 0.0711734 0 0.687711
v 0.0699158 0 0.688054
v 0.0686578 0 0.688394
v 0.0673994 0 0.68873
v 0.0661408 0 0.689062
v 0.0648817 0 0.68939
v 0.0636224 0 0.689715
v 0.0623628 0 0.690036
v 0.0611028 0 0.690354
v 0.0598425 0 0.690667
v 0.0585819 0 0.690978
v 0.057321 0 0.691284
v 0.0560598 0 0.691587
v 0.0547983 0 0.691886
v 0.0535366 0 0.692181
v 0.0522745 0 0.692473
v 0.0510122 0 0.692761
v 0.0497496 0 0.693045
v 0.0484868 0 0.693326
v 0.0472236 0 0.693603
v 0.0459603 0 0.693876
v 0.0446967 0 0.694145
v 0.0434328 0 0.694411
v 0.0421687 0 0.694673
v 0.0409044 0 0.694931
v 0.0396399 0 0.695186
v 0.0383752 0 0.695436
v 0.0371102 0 0.695683
v 0.035845 0 0.695927
v 0.0345797 0 0.696166
v 0.0333141 0 0.696402
v 0.0320483 0 0.696634
v 0.0307824 0 0.696862
v 0.0295163 0 0.697087
v 0.02825 0 0.697308
v 0.0269836 0 0.697525
v 0.025717 0 0.697738
v 0.0244502 0 0.697947
v 0.0231833 0 0.698153
v 0.0219162 0 0.698355
v 0.020649 0 0.698553
v 0.0193817 0 0.698747
v 0.0181142 0 0.698937
v 0.0168466 0 0.699124
v 0.0155789 0 0.699307
v 0.0143111 0 0.699486
v 0.0130431 0 0.699661
v 0.0117751 0 0.699833
v 0.010507 0 0.7
v 0.00923879 0 0.700164
v 0.00797054 0 0.700324
v 0.00670217 0 0.70048
v 0.00543375 0 0.700632
v 0.00416519 0 0.700781
v 0.00289665 0 0.700925
v 0.00162803 0 0.701066
v 0.000359324 0 0.701203
v -0.000909342 0 0.701336
v -0.00217812 0 0.701465
v -0.00344691 0 0.70159
v -0.00471575 0 0.701711
v -0.00598454 0 0.701829
v -0.00725342 0 0.701942
v -0.00852227 0 0.702052
v -0.00979112 0 0.702158
v -0.01106 0 0.70226
v -0.0123289 0 0.702358
v -0.0135977 0 0.702452
v -0.0148666 0 0.702543
v -0.0161354 0 0.702629
v -0.0174041 0 0.702711
v -0.0186729 0 0.70279
v -0.0199416 0 0.702865
v -0.0212102 0 0.702935
v -0.0224789 0 0.703002
v -0.0237474 0 0.703065
v -0.0250159 0 0.703124
v -0.0262843 0 0.703179
v -0.0275527 0 0.70323
v -0.0288209 0 0.703277
v -0.0300891 0 0.70332
v -0.0313573 0 0.703359
v -0.0326252 0 0.703394
v -0.0338931 0 0.703426
v -0.0351609 0 0.703453
v -0.0364286 0 0.703476
v -0.0376961 0 0.703496
v -0.0389636 0 0.703511
v -0.0402309 0 0.703522
v -0.0414981 0 0.70353
v -0.0427651 0 0.703533
v -0.044032 0 0.703533
v -0.0452988 0 0.703528
v -0.0465653 0 0.70352
v -0.0478317 0 0.703507
v -0.049098 0 0.703491
v -0.0503641 0 0.70347
v -0.05163 0 0.703445
v -0.0528957 0 0.703417
v -0.0541612 0 0.703384
v -0.0554265 0 0.703348
v -0.0566916 0 0.703307
v -0.0579565 0 0.703262
v -0.0592213 0 0.703213
v -0.0604857 0 0.70316
v -0.06175 0 0.703104
v -0.063014 0 0.703043
v -0.0642778 0 0.702978
v -0.0655414 0 0.702909
v -0.0668046 0 0.702836
v -0.0680677 0 0.702759
v -0.0693305 0 0.702677
v -0.070593 0 0.702592
v -0.0718553 0 0.702503
v -0.0731172 0 0.702409
v -0.074379 0 0.702312
v -0.0756404 0 0.70221
v -0.0769015 0 0.702104
v -0.0781623 0 0.701994
v -0.0794228 0 0.70188
v -0.0806831 0 0.701762
v -0.081943 0 0.70164
v -0.0832025 0 0.701514
v -0.0844618 0 0.701384
v -0.0857207 0 0.701249
v -0.0869793 0 0.701111
v -0.0882375 0 0.700968
v -0.0894955 0 0.700821
v -0.090753 0 0.70067
v -0.0920102 0 0.700515
v -0.0932671 0 0.700355
v -0.0945235 0 0.700192
v -0.0957796 0 0.700024
v -0.0970353 0 0.699853
v -0.0982906 0 0.699677
v -0.0995455 0 0.699497
v -0.1008 0 0.699312
v -0.102054 0 0.699124
v -0.103308 0 0.698931
v -0.104561 0 0.698735
v -0.105814 0 0.698534
v -0.107067 0 0.698328
v -0.108319 0 0.698119
v -0.10957 0 0.697906
v -0.110821 0 0.697688
v -0.112072 0 0.697466
v -0.113322 0 0.69724
v -0.114572 0 0.697009
v -0.115821 0 0.696775
v -0.11707 0 0.696536
v -0.118318 0 0.696293
v -0.119566 0 0.696046
v -0.120814 0 0.695794
v -0.122061 0 0.695538
v -0.123307 0 0.695278
v -0.124553 0 0.695014
v -0.125798 0 0.694746
v -0.127043 0 0.694473
v -0.128288 0 0.694196
v -0.129531 0 0.693915
v -0.130775 0 0.693629
v -0.132018 0 0.69334
v -0.13326 0 0.693046
v -0.134501 0 0.692747
v -0.135743 0 0.692445
v -0.136983 0 0.692138
v -0.138223 0 0.691827
v -0.139463 0 0.691511
v -0.140701 0 0.691192
v -0.14194 0 0.690868
v -0.143177 0 0.690539
v -0.144414 0 0.690207
v -0.145651 0 0.68987
v -0.146887 0 0.689529
v -0.148122 0 0.689183
v -0.149357 0 0.688833
v -0.150591 0 0.688479
v -0.151824 0 0.68812
v -0.153057 0 0.687758
v -0.154289 0 0.68739
v -0.15552 0 0.687019
v -0.156751 0 0.686643
v -0.157981 0 0.686263
v -0.159211 0 0.685878
v -0.16044 0 0.685489
v -0.161668 0 0.685096
v -0.162896 0 0.684698
v -0.164122 0 0.684296
v -0.165348 0 0.68389
v -0.166574 0 0.683479
v -0.167799 0 0.683064
v -0.169023 0 0.682644
v -0.170246 0 0.68222
v -0.171469 0 0.681792
v -0.17269 0 0.681359
v -0.173912 0 0.680922
v -0.175132 0 0.680481
v -0.176352 0 0.680035
v -0.177571 0 0.679584
v -0.178789 0 0.67913
v -0.180006 0 0.67867
v -0.181223 0 0.678207
v -0.182439 0 0.677739
v -0.183654 0 0.677266
v -0.184868 0 0.676789
v -0.186082 0 0.676308
v -0.187295 0 0.675822
v -0.188507 0 0.675332
v -0.189718 0 0.674837
v -0.190928 0 0.674338
v -0.192138 0 0.673835
v -0.193347 0 0.673326
v -0.194554 0 0.672814
v -0.195762 0 0.672297
v -0.196968 0 0.671776
v -0.198173 0 0.67125
v -0.199378 0 0.670719
v -0.200582 0 0.670184
v -0.201784 0 0.669645
v -0.202986 0 0.669101
v -0.204188 0 0.668553
v -0.205388 0 0.668
v -0.206587 0 0.667442
v -0.207786 0 0.66688
v -0.208983 0 0.666314
v -0.21018 0 0.665743
v -0.211376 0 0.665168
v -0.212571 0 0.664588
v -0.213765 0 0.664003
v -0.214958 0 0.663414
v -0.21615 0 0.66282
v -0.217341 0 0.662222
v -0.218532 0 0.66162
v -0.219721 0 0.661012
v -0.220909 0 0.660401
v -0.222097 0 0.659784
v -0.223283 0 0.659163
v -0.224469 0 0.658538
v -0.225653 0 0.657908
v -0.226837 0 0.657273
v -0.22802 0 0.656634
v -0.229201 0 0.655991
v -0.230382 0 0.655342
v -0.231562 0 0.654689
v -0.23274 0 0.654032
v -0.233918 0 0.65337
v -0.235094 0 0.652703
v -0.23627 0 0.652032
v -0.237445 0 0.651356
v -0.238618 0 0.650675
v -0.239791 0 0.64999
v -0.240962 0 0.6493
v -0.242133 0 0.648606
v -0.243302 0 0.647907
v -0.24447 0 0.647203
v -0.245638 0 0.646495
v -0.246804 0 0.645782
v -0.247969 0 0.645065
v -0.249133 0 0.644342
v -0.250296 0 0.643616
v -0.251458 0 0.642884
v -0.252618 0 0.642148
v -0.253778 0 0.641407
v -0.254937 0 0.640662
v -0.256094 0 0.639912
v -0.25725 0 0.639157
v -0.258406 0 0.638397
v -0.25956 0 0.637633
v -0.260712 0 0.636864
v -0.261864 0 0.636091
v -0.263015 0 0.635312
v -0.264164 0 0.634529
v -0.265313 0 0.633742
v -0.26646 0 0.632949
v -0.267606 0 0.632152
v -0.268751 0 0.631351
v -0.269894 0 0.630544
v -0.271037 0 0.629733
v -0.272178 0 0.628917
v -0.273318 0 0.628096
v -0.274457 0 0.627271
v -0.275595 0 0.626441
v -0.276731 0 0.625606
v -0.277866 0 0.624766
v -0.279 0 0.623922
v -0.280133 0 0.623073
v -0.281264 0 0.622219
v -0.282395 0 0.62136
v -0.283524 0 0.620497
v -0.284651 0 0.619629
v -0.285778 0 0.618756
v -0.286903 0 0.617878
v -0.288027 0 0.616995
v -0.28915 0 0.616108
v -0.290271 0 0.615216
v -0.291391 0 0.614319
v -0.29251 0 0.613418
v -0.293628 0 0.612511
v -0.294744 0 0.6116
v -0.295859 0 0.610684
v -0.296973 0 0.609763
v -0.298085 0 0.608837
v -0.299196 0 0.607907
v -0.300305 0 0.606971
v -0.301414 0 0.606031
v -0.302521 0 0.605086
v -0.303626 0 0.604136
v -0.30473 0 0.603182
v -0.305833 0 0.602222
v -0.305833 0 0.602222
v -0.306935 0 0.601258
v -0.308035 0 0.600289
v -0.309134 0 0.599315
v -0.310231 0 0.598336
v -0.311327 0 0.597352
v -0.312422 0 0.596364
v -0.313515 0 0.595371
v -0.314607 0 0.594374
v -0.315697 0 0.593371
v -0.316786 0 0.592365
v -0.317874 0 0.591353
v -0.31896 0 0.590337
v -0.320045 0 0.589316
v -0.321128 0 0.588291
v -0.32221 0 0.587261
v -0.323291 0 0.586227
v -0.32437 0 0.585188
v -0.325448 0 0.584145
v -0.326524 0 0.583097
v -0.327599 0 0.582045
v -0.328672 0 0.580989
v -0.329744 0 0.579928
v -0.330814 0 0.578863
v -0.331883 0 0.577794
v -0.33295 0 0.57672
v -0.334016 0 0.575642
v -0.335081 0 0.57456
v -0.336144 0 0.573473
v -0.337205 0 0.572383
v -0.338265 0 0.571288
v -0.339324 0 0.570189
v -0.340381 0 0.569086
v -0.341436 0 0.567979
v -0.34249 0 0.566867
v -0.343543 0 0.565752
v -0.344594 0 0.564633
v -0.345643 0 0.563509
v -0.346691 0 0.562382
v -0.347738 0 0.56125
v -0.348783 0 0.560115
v -0.349826 0 0.558976
v -0.350868 0 0.557833
v -0.351908 0 0.556686
v -0.352947 0 0.555535
v -0.353984 0 0.55438
v -0.355019 0 0.553222
v -0.356053 0 0.552059
v -0.357086 0 0.550893
v -0.358117 0 0.549724
v -0.359146 0 0.54855
v -0.360173 0 0.547373
v -0.3612 0 0.546192
v -0.362224 0 0.545008
v -0.363247 0 0.54382
v -0.364268 0 0.542628
v -0.365288 0 0.541433
v -0.366306 0 0.540234
v -0.367323 0 0.539032
v -0.368337 0 0.537826
v -0.369351 0 0.536616
v -0.370362 0 0.535404
v -0.371372 0 0.534187
v -0.372381 0 0.532968
v -0.373387 0 0.531745
v -0.374392 0 0.530518
v -0.375396 0 0.529289
v -0.376397 0 0.528056
v -0.377398 0 0.526819
v -0.378396 0 0.52558
v -0.379393 0 0.524337
v -0.380388 0 0.523091
v -0.381381 0 0.521841
v -0.382373 0 0.520589
v -0.383363 0 0.519333
v -0.384351 0 0.518074
v -0.385338 0 0.516813
v -0.386323 0 0.515548
v -0.387306 0 0.51428
v -0.388288 0 0.513008
v -0.389268 0 0.511734
v -0.390246 0 0.510457
v -0.391222 0 0.509177
v -0.392197 0 0.507894
v -0.39317 0 0.506608
v -0.394141 0 0.505319
v -0.395111 0 0.504028
v -0.396078 0 0.502733
v -0.397044 0 0.501436
v -0.398009 0 0.500135
v -0.398971 0 0.498832
v -0.399932 0 0.497527
v -0.400891 0 0.496218
v -0.401848 0 0.494907
v -0.402804 0 0.493593
v -0.403757 0 0.492276
v -0.404709 0 0.490957
v -0.405659 0 0.489635
v -0.406608 0 0.488311
v -0.407554 0 0.486984
v -0.408499 0 0.485654
v -0.409442 0 0.484322
v -0.410383 0 0.482987
v -0.411322 0 0.48165
v -0.41226 0 0.48031
v -0.413195 0 0.478968
v -0.414129 0 0.477624
v -0.415061 0 0.476277
v -0.415991 0 0.474928
v -0.41692 0 0.473576
v -0.417846 0 0.472222
v -0.418771 0 0.470866
v -0.419694 0 0.469507
v -0.420615 0 0.468147
v -0.421534 0 0.466784
v -0.422451 0 0.465418
v -0.423366 0 0.464051
v -0.42428 0 0.462681
v -0.425192 0 0.46131
v -0.426101 0 0.459936
v -0.427009 0 0.45856
v -0.427915 0 0.457182
v -0.428819 0 0.455802
v -0.429721 0 0.45442
v -0.430622 0 0.453036
v -0.43152 0 0.45165
v -0.432416 0 0.450262
v -0.433311 0 0.448872
v -0.434204 0 0.44748
v -0.435094 0 0.446086
v -0.435983 0 0.444691
v -0.43687 0 0.443293
v -0.437755 0 0.441894
v -0.438638 0 0.440493
v -0.439519 0 0.43909
v -0.440398 0 0.437686
v -0.441275 0 0.43628
v -0.44215 0 0.434872
v -0.443023 0 0.433462
v -0.443894 0 0.432051
v -0.444764 0 0.430638
v -0.445631 0 0.429223
v -0.446496 0 0.427807
v -0.44736 0 0.426389
v -0.448221 0 0.42497
v -0.44908 0 0.423549
v -0.449937 0 0.422127
v -0.450793 0 0.420703
v -0.451646 0 0.419278
v -0.452497 0 0.417852
v -0.453347 0 0.416424
v -0.454194 0 0.414994
v -0.455039 0 0.413564
v -0.455882 0 0.412132
v -0.456723 0 0.410698
v -0.457563 0 0.409264
v -0.4584 0 0.407828
v -0.459235 0 0.406391
v -0.460068 0 0.404952
v -0.460899 0 0.403513
v -0.461728 0 0.402072
v -0.462554 0 0.40063
v -0.463379 0 0.399187
v -0.464202 0 0.397743
v -0.465022 0 0.396298
v -0.465841 0 0.394852
v -0.466657 0 0.393404
v -0.467472 0 0.391956
v -0.468284 0 0.390507
v -0.469094 0 0.389057
v -0.469902 0 0.387606
v -0.470708 0 0.386154
v -0.471512 0 0.384701
v -0.472314 0 0.383247
v -0.473113 0 0.381792
v -0.473911 0 0.380337
v -0.474706 0 0.37888
v -0.475499 0 0.377423
v -0.47629 0 0.375966
v -0.477079 0 0.374507
v -0.477866 0 0.373048
v -0.47865 0 0.371588
v -0.479433 0 0.370127
v -0.480213 0 0.368666
v -0.480991 0 0.367204
v -0.481767 0 0.365742
v -0.482541 0 0.364279
v -0.483313 0 0.362815
v -0.484082 0 0.361351
v -0.484849 0 0.359887
v -0.485614 0 0.358422
v -0.486377 0 0.356956
v -0.487138 0 0.35549
v -0.487896 0 0.354024
v -0.488653 0 0.352557
v -0.489407 0 0.35109
v -0.490159 0 0.349623
v -0.490908 0 0.348155
v -0.491655 0 0.346687
v -0.492401 0 0.345219
v -0.493144 0 0.34375
v -0.493884 0 0.342282
v -0.494623 0 0.340813
v -0.495359 0 0.339344
v -0.496093 0 0.337874
v -0.496824 0 0.336405
v -0.497554 0 0.334935
v -0.498281 0 0.333466
v -0.499006 0 0.331996
v -0.499728 0 0.330527
v -0.500449 0 0.329057
v -0.501167 0 0.327587
v -0.501883 0 0.326118
v -0.502596 0 0.324648
v -0.503307 0 0.323178
v -0.504016 0 0.321709
v -0.504723 0 0.32024
v -0.505427 0 0.318771
v -0.506129 0 0.317302
v -0.506828 0 0.315833
v -0.507526 0 0.314364
v -0.508221 0 0.312896
v -0.508913 0 0.311428
v -0.509604 0 0.30996
v -0.510292 0 0.308493
v -0.510977 0 0.307026
v -0.511661 0 0.305559
v -0.512342 0 0.304093
v -0.51302 0 0.302627
v -0.513696 0 0.301161
v -0.51437 0 0.299696
v -0.515042 0 0.298232
v -0.515711 0 0.296767
v -0.516378 0 0.295304
v -0.517042 0 0.293841
v -0.517704 0 0.292378
v -0.518363 0 0.290916
v -0.519021 0 0.289455
v -0.519675 0 0.287994
v -0.520328 0 0.286534
v -0.520978 0 0.285075
v -0.521625 0 0.283617
v -0.52227 0 0.282159
v -0.522913 0 0.280702
v -0.523553 0 0.279245
v -0.524191 0 0.27779
v -0.524827 0 0.276335
v -0.52546 0 0.274881
v -0.52609 0 0.273428
v -0.526718 0 0.271976
v -0.527344 0 0.270525
v -0.527967 0 0.269074
v -0.528588 0 0.267625
v -0.529206 0 0.266176
v -0.529822 0 0.264729
v -0.530435 0 0.263283
v -0.531046 0 0.261838
v -0.531654 0 0.260393
v -0.53226 0 0.25895
v -0.532863 0 0.257508
v -0.533464 0 0.256067
v -0.534063 0 0.254628
v -0.534658 0 0.253189
v -0.535252 0 0.251752
v -0.535843 0 0.250316
v -0.536431 0 0.248881
v -0.537017 0 0.247448
v -0.5376 0 0.246015
v -0.538181 0 0.244585
v -0.538759 0 0.243155
v -0.539334 0 0.241727
v -0.539908 0 0.2403
v -0.540478 0 0.238875
v -0.541046 0 0.237451
v -0.541612 0 0.236029
v -0.542175 0 0.234608
v -0.542735 0 0.233188
v -0.543293 0 0.231771
v -0.543848 0 0.230354
v -0.5444 0 0.228939
v -0.54495 0 0.227526
v -0.545498 0 0.226115
v -0.546043 0 0.224705
v -0.546585 0 0.223297
v -0.547125 0 0.22189
v -0.547662 0 0.220486
v -0.548196 0 0.219083
v -0.548728 0 0.217681
v -0.549257 0 0.216282
v -0.549784 0 0.214884
v -0.550308 0 0.213489
v -0.550829 0 0.212095
v -0.551348 0 0.210703
v -0.551864 0 0.209312
v -0.552377 0 0.207924
v -0.552888 0 0.206538
v -0.553396 0 0.205154
v -0.553901 0 0.203771
v -0.554404 0 0.202391
v -0.554904 0 0.201013
v -0.555402 0 0.199637
v -0.555896 0 0.198263
v -0.556388 0 0.196891
v -0.556878 0 0.195521
v -0.557364 0 0.194153
v -0.557848 0 0.192788
v -0.55833 0 0.191425
v -0.558808 0 0.190064
v -0.559284 0 0.188705
v -0.559757 0 0.187348
v -0.560228 0 0.185994
v -0.560696 0 0.184642
v -0.561161 0 0.183293
v -0.561623 0 0.181946
v -0.562083 0 0.180601
v -0.562539 0 0.179259
v -0.562994 0 0.177919
v -0.563445 0 0.176581
v -0.563893 0 0.175246
v -0.564339 0 0.173914
v -0.564782 0 0.172584
v -0.565223 0 0.171256
v -0.56566 0 0.169932
v -0.566095 0 0.16861
v -0.566527 0 0.16729
v -0.566956 0 0.165973
v -0.567383 0 0.164659
v -0.567806 0 0.163347
v -0.568227 0 0.162038
v -0.568645 0 0.160732
v -0.569061 0 0.159429
v -0.569473 0 0.158128
v -0.569883 0 0.156831
v -0.57029 0 0.155536
v -0.570694 0 0.154244
v -0.571095 0 0.152955
v -0.571493 0 0.151668
v -0.571889 0 0.150385
v -0.572281 0 0.149104
v -0.572671 0 0.147827
v -0.573058 0 0.146553
v -0.573442 0 0.145281
v -0.573824 0 0.144013
v -0.574202 0 0.142747
v -0.574578 0 0.141485
v -0.574951 0 0.140226
v -0.57532 0 0.13897
v -0.575687 0 0.137717
v -0.576051 0 0.136468
v -0.576413 0 0.135221
v -0.576771 0 0.133978
v -0.577126 0 0.132738
v -0.577479 0 0.131501
v -0.577828 0 0.130268
v -0.578175 0 0.129038
v -0.578519 0 0.127811
v -0.57886 0 0.126587
v -0.579198 0 0.125367
v -0.579533 0 0.124151
v -0.579865 0 0.122938
v -0.580194 0 0.121728
v -0.58052 0 0.120522
v -0.580844 0 0.119319
v -0.581164 0 0.11812
v -0.581482 0 0.116924
v -0.581796 0 0.115732
v -0.582107 0 0.114543
v -0.582416 0 0.113359
v -0.582722 0 0.112177
v -0.583024 0 0.111
v -0.583324 0 0.109826
v -0.58362 0 0.108656
v -0.583914 0 0.107489
v -0.584205 0 0.106326
v -0.584492 0 0.105168
v -0.584777 0 0.104013
v -0.585059 0 0.102861
v -0.585337 0 0.101714
v -0.585613 0 0.10057
v -0.585886 0 0.0994306
v -0.586155 0 0.0982948
v -0.586422 0 0.097163
v -0.586685 0 0.0960352
v -0.586946 0 0.0949113
v -0.587203 0 0.0937915
v -0.587458 0 0.0926756
v -0.587709 0 0.0915639
v -0.587958 0 0.0904562
v -0.588203 0 0.0893526
v -0.588445 0 0.0882533
v -0.588684 0 0.087158
v -0.58892 0 0.0860668
v -0.589153 0 0.0849799
v -0.589383 0 0.0838972
v -0.58961 0 0.0828187
v -0.589834 0 0.0817445
v -0.590055 0 0.0806746
v -0.590272 0 0.079609
v -0.590487 0 0.0785478
v -0.590698 0 0.0774909
v -0.590906 0 0.0764384
v -0.591112 0 0.0753902
v -0.591314 0 0.0743465
v -0.591513 0 0.0733073
v -0.591708 0 0.0722725
v -0.591901 0 0.0712423
v -0.592091 0 0.0702165
v -0.592277 0 0.0691953
v -0.59246 0 0.0681786
v -0.59264 0 0.0671666
v -0.592817 0 0.0661592
v -0.592991 0 0.0651563
v -0.593162 0 0.0641581
v -0.593329 0 0.0631647
v -0.593494 0 0.0621759
v -0.593655 0 0.0611919
v -0.593813 0 0.0602126
v -0.593968 0 0.0592381
v -0.594119 0 0.0582684
v -0.594268 0 0.0573035
v -0.594413 0 0.0563434
v -0.594555 0 0.0553883
v -0.594694 0 0.054438
v -0.594829 0 0.0534926
v -0.594962 0 0.0525522
v -0.595091 0 0.0516167
v -0.595217 0 0.0506862
v -0.59534 0 0.0497607
v -0.595459 0 0.0488402
v -0.595575 0 0.0479248
v -0.595688 0 0.0470145
v -0.595798 0 0.0461092
v -0.595905 0 0.0452091
v -0.596008 0 0.0443141
v -0.596108 0 0.0434243
v -0.596205 0 0.0425397
v -0.596298 0 0.0416602
v -0.596388 0 0.0407861
v -0.596475 0 0.0399172
v -0.596559 0 0.0390536
v -0.59664 0 0.0381952
v -0.596717 0 0.0373422
v -0.59679 0 0.0364945
v -0.596861 0 0.0356523
v -0.596928 0 0.0348154
v -0.596992 0 0.0339841
v -0.597053 0 0.033158
v -0.59711 0 0.0323375
v -0.597164 0 0.0315224
v -0.597215 0 0.0307129
v -0.597262 0 0.0299089
v -0.597306 0 0.0291104
v -0.597347 0 0.0283176
v -0.597384 0 0.0275303
v -0.597418 0 0.0267487
v -0.597449 0 0.0259728
v -0.597476 0 0.0252025
v -0.5975 0 0.0244379
v -0.597521 0 0.023679
v -0.597538 0 0.0229259
v -0.597552 0 0.0221786
v -0.597562 0 0.0214371
v -0.597569 0 0.0207012
v -0.597573 0 0.0199713
v -0.597573 0 0.0192473
v -0.59757 0 0.0185292
v -0.597564 0 0.0178168
v -0.597554 0 0.0171106
v -0.59754 0 0.0164103
v -0.597524 0 0.0157158
v -0.597504 0 0.0150274
v -0.59748 0 0.014345
v -0.597453 0 0.0136687
v -0.597423 0 0.0129985
v -0.597389 0 0.0123343
v -0.597352 0 0.0116762
v -0.597311 0 0.0110243
v -0.597267 0 0.0103786
v -0.59722 0 0.00973899
v -0.597169 0 0.00910572
v -0.597114 0 0.00847851
v -0.597056 0 0.00785761
v -0.596995 0 0.00724308
v -0.59693 0 0.00663476
v -0.596862 0 0.00603284
v -0.59679 0 0.00543715
v -0.596714 0 0.00484799
v -0.596636 0 0.00426508
v -0.596553 0 0.00368856
v -0.596468 0 0.00311859
v -0.596378 0 0.00255506
v -0.596286 0 0.00199804
v -0.596189 0 0.00144748
v -0.596089 0 0.000903492
v -0.595986 0 0.000365977
v -0.595879 0 -0.000164891
v -0.595769 0 -0.000689154
v -0.595655 0 -0.00120694
v -0.595538 0 -0.00171785
v -0.595417 0 -0.00222222
